30
122
60
35
4
48
20
7
8
27
131
31
100
79
137
84
16
134
18
19
20
21
22
23
44
2
26
27
4
100
30
31
60
91
54
35
137
37
137
120
30
41
42
43
44
45
30
47
48
49
50
54
52
91
91
55
56
57
44
85
60
134
76
63
64
64
66
67
134
69
60
71
72
60
19
31
76
120
78
91
80
69
31
83
84
85
86
87
85
89
90
131
57
93
94
41
96
97
98
99
100
101
70
148
64
105
88
107
108
109
110
111
110
132
61
95
116
117
118
88
120
121
122
79
124
64
126
60
131
60
130
131
132
61
134
107
69
137
138
60
57
141
142
143
59
145
147
147
148
149
79
151
