162
164
154
155
178
157
158
159
164
35
162
163
69
165
166
167
168
172
170
171
172
173
174
175
176
93
178
172
180
181
95
166
43
171
8
171
137
45
44
75
86
108
173
93
149
82
89
45
72
132
61
127
93
69
45
165
175
124
95
54
132
102
21
181
177
15
44
73
175
150
81
166
91
91
6
149
15
96
15
50
2
103
56
92
150
51
112
56
136
104
90
93
110
97
73
36
136
158
58
81
18
56
179
171
24
41
95
81
164
69
44
6
113
27
131
60
70
102
44
64
15
141
136
67
45
106
126
56
142
101
52
90
115
127
77
106
24
90
100
44
81
45
27
107
147
161
73
53
157
17
45
58
43
67
112
40
19
103
2
11
98
179
59
141
173
70
89
44
41
41
171
61
101
106
41
40
181
31
75
31
82
98
115
134
45
137
1
115
48
81
56
109
177
131
44
6
96
15
140
25
95
60
31
147
149
6
68
122
110
56
63
31
91
110
177
44
139
6
2
18
131
1
141
126
56
131
121
39
23
149
151
157
79
69
177
108
166
36
47
140
96
31
93
151
131
144
59
140
133
1
84
142
85
31
137
65
147
131
128
69
56
131
6
6
48
75
18
146
92
24
131
113
137
95
56
97
157
135
135
21
56
173
58
65
79
100
19
45
158
49
75
67
69
122
158
123
12
76
181
85
44
69
151
106
25
90
104
43
31
11
111
31
45
27
108
53
63
57
170
22
62
86
151
66
63
10
137
47
53
45
88
31
0
0
24
173
58
151
76
76
108
10
42
19
29
116
6
174
49
15
182
19
171
24
140
92
24
18
12
70
125
76
109
69
177
151
88
88
181
44
69
88
99
18
131
75
17
155
127
21
