168
161
107
149
55
77
59
149
84
50
3
59
60
68
69
124
101
116
148
32
59
142
42
47
132
70
144
36
80
88
123
2
2
173
148
148
121
131
132
61
81
2
135
22
38
2
100
94
144
7
30
149
167
149
81
175
103
51
39
165
68
112
39
2
59
150
48
19
138
135
2
149
103
179
82
40
48
96
96
16
59
22
145
63
137
84
2
56
94
89
24
81
74
49
87
72
21
25
25
81
164
57
73
49
170
15
177
136
25
49
144
50
54
133
133
132
150
53
137
175
25
66
102
41
2
134
75
52
102
85
92
19
56
72
47
141
165
31
24
29
147
94
75
134
41
45
134
95
100
162
95
132
156
104
90
75
61
100
155
29
111
42
57
57
120
111
137
99
100
99
112
38
95
124
103
135
15
54
146
28
72
100
10
120
8
48
18
128
38
73
51
120
133
51
43
121
175
75
45
57
56
90
181
158
27
5
9
56
84
47
83
147
120
141
58
58
161
76
75
8
31
128
1
75
41
43
39
131
84
21
173
143
31
104
43
104
62
61
137
11
150
61
38
165
41
31
41
15
99
11
22
95
72
86
20
104
121
134
8
57
11
59
141
76
54
145
147
120
34
142
70
84
134
145
128
122
59
42
171
171
166
110
61
133
128
151
151
73
73
141
92
