159
159
148
1
51
150
99
94
58
16
179
119
158
78
182
114
49
62
60
72
158
114
142
159
27
12
72
76
157
133
53
86
45
159
52
52
124
58
120
95
22
100
2
11
16
57
94
58
19
68
84
99
74
120
72
84
104
86
106
20
72
60
11
14
103
49
95
177
115
135
95
123
75
50
24
19
129
106
121
137
51
103
31
18
24
34
120
98
121
116
106
56
137
137
96
115
31
107
129
72
165
149
84
35
172
134
114
51
50
113
126
72
137
81
165
109
115
108
78
164
164
65
113
89
111
11
8
48
50
104
60
136
165
115
116
22
103
111
56
30
0
137
57
114
43
55
55
92
179
12
120
62
34
91
22
12
167
83
24
139
70
57
116
38
121
116
36
41
19
73
101
101
61
133
133
166
179
95
96
114
51
107
11
134
181
11
164
164
164
164
164
164
164
81
72
79
128
30
44
107
22
134
