80
62
178
82
136
159
32
16
79
36
65
165
93
157
17
17
97
45
175
17
176
176
136
32
110
44
69
132
164
97
164
15
157
54
19
95
19
74
139
19
8
69
44
179
176
136
130
65
102
181
91
60
102
106
158
65
65
20
73
139
59
75
29
177
84
43
95
69
19
27
96
90
60
13
162
165
164
81
82
157
157
164
176
164
172
93
171
133
19
164
148
81
28
181
158
147
73
157
166
158
159
60
30
123
151
165
1
177
55
127
14
178
173
164
122
104
178
79
35
90
148
13
73
9
164
96
27
138
51
122
155
52
91
66
101
25
52
96
114
54
94
44
69
182
62
79
30
67
69
44
148
48
174
20
104
107
123
14
96
58
177
69
32
169
161
162
107
84
98
112
47
33
20
15
36
97
125
85
178
18
75
8
175
28
141
51
67
180
93
74
74
43
19
16
148
174
112
87
79
82
170
97
31
44
42
96
95
19
92
45
97
19
58
173
79
79
57
24
45
82
176
54
109
141
41
177
69
125
173
58
85
84
109
155
95
9
97
85
129
182
43
84
15
75
91
69
44
79
81
92
19
119
48
127
65
49
114
179
179
65
155
180
165
44
182
49
81
148
96
69
53
175
64
62
125
122
25
125
125
133
89
114
117
177
120
141
132
43
134
70
75
133
128
181
167
21
30
45
10
178
42
16
139
120
42
95
173
3
29
28
56
134
80
44
86
140
134
21
