87
60
141
178
113
53
3
72
25
147
107
35
114
51
89
1
1
180
58
178
113
152
68
27
98
18
26
114
78
96
49
158
158
33
181
93
50
75
26
181
127
32
9
139
149
171
149
11
147
129
42
54
49
128
9
30
166
78
68
53
26
33
18
139
124
175
78
61
70
175
139
96
136
136
83
149
180
115
176
22
94
162
23
38
167
166
43
75
33
58
58
24
51
21
152
147
166
128
128
126
124
121
75
46
24
102
170
162
139
18
0
157
53
81
13
146
3
159
148
35
135
114
120
45
78
32
51
68
173
141
172
136
181
75
19
147
24
92
96
15
103
168
118
68
49
130
114
149
55
142
61
78
51
147
39
124
167
77
156
62
83
72
167
104
35
146
151
128
166
135
173
58
174
114
51
158
173
113
113
73
76
102
11
167
114
49
70
55
27
55
116
147
127
82
35
178
144
69
38
114
162
146
147
149
118
102
169
129
129
74
54
159
150
128
60
98
107
35
180
148
28
127
118
162
24
83
75
26
141
51
10
20
77
51
75
147
117
129
152
167
115
35
165
48
42
146
146
49
28
38
120
95
93
87
182
61
122
86
31
178
73
146
76
60
43
66
114
78
24
3
58
147
18
149
81
1
114
70
153
178
178
117
167
107
150
38
116
96
128
133
33
34
125
156
78
133
33
28
176
32
141
181
33
128
152
158
68
61
68
77
156
11
167
153
86
117
114
161
129
129
31
117
117
29
0
15
117
11
62
111
78
155
95
161
167
159
178
77
73
146
146
172
167
167
146
153
156
153
97
133
146
65
149
81
160
182
178
67
76
67
93
160
105
160
58
130
58
175
156
156
20
124
74
159
41
62
95
103
81
149
116
133
128
39
102
81
129
24
93
107
133
102
65
60
84
156
169
105
181
181
93
160
153
160
146
146
23
97
156
76
117
116
162
103
24
83
146
156
164
96
107
158
133
146
146
78
167
54
73
35
169
106
146
180
146
149
105
159
113
167
167
61
178
165
50
0
152
167
152
156
43
125
101
150
77
79
167
19
70
39
38
83
38
77
51
83
152
97
133
167
136
82
95
34
38
133
128
59
167
166
117
160
105
117
168
134
161
74
68
68
78
59
120
27
147
173
58
95
95
156
153
77
139
136
140
114
14
11
102
77
150
60
126
165
159
133
152
27
133
11
99
96
107
76
32
21
169
112
167
129
44
95
33
133
94
143
158
147
33
66
78
166
182
76
168
55
74
34
32
179
119
68
62
133
47
103
105
68
146
156
156
156
156
156
153
99
153
156
155
155
93
117
94
24
68
91
74
74
149
81
32
167
48
99
119
98
143
117
153
153
56
57
33
19
78
155
32
124
146
178
136
136
136
143
152
153
29
118
168
32
19
60
167
152
182
95
136
128
96
146
78
146
146
156
56
148
58
174
146
156
78
157
140
120
128
60
98
171
158
39
78
78
78
41
51
114
78
30
158
58
118
114
78
78
107
181
140
112
172
32
1
96
158
43
161
155
81
152
95
78
112
67
78
156
167
53
124
76
54
156
156
73
156
156
12
7
87
156
158
158
156
143
156
60
11
168
167
12
22
40
175
66
69
182
152
128
133
107
81
162
167
62
73
114
146
78
146
62
35
52
16
33
152
173
156
167
8
30
156
112
55
159
40
85
178
1
22
158
77
78
167
22
58
12
102
58
159
146
146
11
93
30
43
118
19
15
32
169
98
12
98
129
58
66
143
152
167
70
78
121
146
120
27
58
94
20
105
103
103
182
38
137
