70
93
54
69
103
92
178
70
66
70
94
44
58
172
15
11
13
44
92
76
180
134
44
120
121
145
41
63
140
59
13
65
8
24
92
92
41
89
83
67
162
136
104
11
29
39
146
103
75
40
78
128
52
17
74
102
82
75
70
132
102
91
182
145
145
8
43
90
17
140
45
59
56
8
108
44
161
45
73
171
72
155
61
82
69
36
95
15
9
95
95
91
103
118
131
45
89
90
76
131
57
30
100
134
140
90
41
132
67
30
99
49
132
138
63
120
120
145
125
76
181
69
82
47
31
61
108
5
1
134
23
144
92
86
48
82
140
82
145
145
60
36
36
31
85
7
40
96
56
19
140
41
89
46
41
41
166
109
24
94
41
67
172
111
120
83
31
61
47
131
41
131
92
46
134
131
147
110
92
84
131
131
181
111
61
141
134
181
82
181
137
120
41
15
103
88
109
83
75
75
145
45
86
79
47
47
94
67
134
95
31
44
43
17
49
89
11
1
23
10
31
15
51
126
146
142
92
92
134
67
76
52
82
84
112
60
57
122
92
72
134
63
138
39
170
170
171
175
64
25
69
24
95
179
70
76
95
96
134
112
82
30
110
145
177
114
86
81
63
127
57
90
11
149
0
92
42
57
138
145
80
22
61
131
78
52
32
96
52
41
57
91
134
76
61
104
130
141
104
53
142
133
76
5
85
19
141
18
113
138
131
30
134
67
59
84
134
41
74
141
57
109
74
113
27
108
