10
67
73
10
11
59
147
129
136
110
30
55
144
131
51
43
168
72
178
66
54
94
132
132
122
17
134
167
156
78
113
32
169
54
126
58
114
51
113
128
179
137
28
51
76
173
99
51
150
162
100
95
95
39
97
114
27
114
53
10
55
76
17
128
177
10
167
136
49
98
116
83
49
73
101
100
1
73
126
57
34
18
53
144
25
134
95
7
3
134
78
51
150
7
72
159
7
129
138
138
175
171
34
17
172
179
48
66
144
136
12
41
175
151
126
74
141
145
127
76
161
161
165
109
51
114
162
25
120
171
102
110
137
81
51
102
96
45
55
34
147
116
79
159
54
72
54
76
96
159
57
108
82
127
76
17
60
149
72
115
95
11
5
65
151
148
144
50
99
162
23
30
149
168
132
138
109
15
130
88
83
32
95
61
43
134
44
30
159
102
54
48
64
86
144
102
51
92
104
126
12
72
126
96
48
53
95
82
88
82
103
75
86
38
34
135
68
30
162
95
110
126
159
21
21
147
51
19
20
120
17
12
141
170
96
46
108
130
126
53
60
17
31
58
155
95
111
96
141
141
126
151
72
145
127
129
54
150
51
8
76
108
105
83
68
126
110
113
38
51
42
121
155
114
76
161
86
7
171
73
76
34
94
56
147
6
41
85
77
145
117
128
3
46
5
79
30
57
43
89
25
134
92
41
108
126
61
61
166
176
64
78
19
43
31
168
76
41
17
41
53
110
49
101
36
136
52
12
139
112
12
134
181
77
112
134
97
81
181
126
131
167
53
70
120
137
166
152
149
83
82
172
68
155
31
53
82
132
12
116
89
128
7
31
137
75
53
18
175
15
92
99
115
134
44
53
181
