179
20
180
115
171
61
178
86
172
131
75
91
9
95
108
170
95
143
172
125
75
100
34
58
36
10
59
20
139
15
72
94
43
144
15
109
36
131
143
31
0
41
59
106
86
23
136
148
73
103
72
5
48
57
86
9
91
72
89
7
70
104
5
91
42
3
11
116
74
23
179
123
136
23
137
155
59
60
137
2
102
87
87
83
49
11
58
97
66
43
56
16
142
9
63
131
17
110
11
74
107
92
61
123
12
41
75
174
146
150
73
95
76
73
44
31
145
49
114
97
76
85
2
86
29
131
91
149
103
64
119
10
155
42
17
61
11
86
111
42
11
8
8
120
170
126
102
24
95
166
42
178
73
179
31
112
82
107
170
5
58
5
2
77
83
70
72
134
99
135
171
91
99
129
63
53
76
17
109
25
53
111
91
162
79
23
134
86
13
88
75
129
94
5
53
127
