61
33
10
159
75
53
25
100
83
21
95
20
72
132
81
144
46
92
113
107
20
128
61
114
155
82
135
64
79
131
65
18
67
70
103
118
76
16
81
82
34
131
46
7
175
141
122
179
101
1
164
44
164
164
35
140
116
102
84
41
179
119
57
140
97
1
104
120
82
104
61
120
27
35
137
38
90
3
17
170
12
15
99
131
131
116
75
83
108
172
35
149
97
91
32
10
172
125
46
105
155
144
53
171
93
57
136
93
164
148
2
103
104
141
172
144
134
178
64
145
61
166
135
134
1
82
68
48
176
76
44
83
25
1
134
72
173
170
122
95
170
95
113
93
131
38
45
56
34
150
1
21
57
99
12
96
116
131
101
20
168
119
86
103
149
46
99
52
103
0
40
48
145
145
20
106
119
148
140
170
109
120
69
131
99
179
82
3
41
12
95
120
137
100
2
50
155
86
131
83
149
18
57
76
47
170
45
109
17
145
141
25
41
82
49
90
11
54
165
0
35
149
40
49
86
123
106
64
12
53
131
140
96
53
81
62
142
120
132
109
2
145
31
179
145
125
12
31
31
144
120
19
57
57
134
68
95
12
41
91
127
35
17
61
149
81
99
116
23
117
145
61
129
57
116
41
138
54
145
133
45
41
134
134
120
53
2
155
41
46
120
114
34
81
109
145
38
0
15
145
68
104
75
69
48
72
95
142
96
121
18
134
12
132
68
173
59
86
41
139
149
101
125
140
31
53
53
2
132
120
174
166
134
53
109
46
12
110
16
74
169
16
36
39
44
35
70
31
174
116
72
132
125
69
93
134
131
95
77
171
68
141
117
62
181
126
132
180
101
31
50
170
155
109
171
11
96
133
70
175
45
49
31
18
137
41
41
140
90
109
142
25
166
68
31
166
135
175
121
31
127
135
145
17
62
132
172
82
41
107
166
135
53
67
109
72
88
108
131
21
138
124
95
131
99
109
170
70
104
12
144
64
144
157
95
41
100
41
20
108
46
41
41
180
12
46
76
149
126
8
75
41
140
93
74
10
148
141
34
121
92
87
18
61
60
144
126
127
132
79
12
26
12
89
75
45
31
30
149
65
145
134
51
150
24
69
92
171
76
73
141
2
138
88
92
73
146
96
36
177
99
104
122
5
93
168
31
36
36
61
77
36
68
41
79
36
83
46
89
141
57
90
131
36
51
155
53
141
145
92
133
1
134
96
144
57
12
132
36
39
141
5
32
13
136
68
141
93
65
129
53
164
31
1
135
180
145
125
33
104
90
124
166
141
103
59
125
81
96
145
31
131
36
92
98
151
111
145
85
1
36
149
17
81
58
109
132
57
48
45
47
104
3
80
36
109
96
36
10
104
125
36
131
