94
45
5
75
158
97
94
11
24
94
127
74
70
135
7
9
2
31
135
31
1
53
120
45
95
115
11
114
149
141
45
141
135
170
34
135
170
171
81
50
105
45
141
132
84
53
53
46
137
120
164
34
99
141
95
136
166
90
159
107
39
170
31
167
166
26
108
141
78
53
11
11
158
125
70
133
94
180
147
55
104
133
131
96
96
122
96
45
40
53
178
22
100
76
175
11
93
143
160
160
182
113
85
31
113
60
90
110
77
128
156
65
157
177
124
149
81
81
156
168
147
84
82
1
13
19
11
143
28
80
99
57
94
160
156
99
122
49
113
3
53
158
132
11
91
156
116
56
87
156
156
152
46
177
68
131
177
41
41
149
180
134
12
28
173
165
150
116
18
132
131
134
31
45
136
131
121
34
172
83
24
178
1
83
24
82
30
97
156
164
75
66
60
98
39
54
24
93
169
99
93
41
90
99
151
152
134
34
38
98
156
139
141
68
149
61
33
134
81
149
76
25
128
108
160
160
43
160
160
160
160
160
160
156
98
135
156
105
81
74
149
31
160
160
160
160
82
32
11
160
160
160
160
160
160
165
160
94
30
45
110
91
148
73
156
156
57
91
152
160
160
111
131
39
68
95
179
34
114
53
68
98
167
107
166
114
54
53
82
105
23
131
111
166
31
131
96
59
24
156
161
18
24
160
155
29
12
156
96
95
87
63
160
160
160
160
65
157
157
157
157
153
160
160
153
160
128
73
32
75
114
145
164
164
90
132
134
141
132
106
106
156
125
99
158
78
178
98
171
155
134
39
156
158
58
1
29
102
132
155
79
9
134
149
81
149
157
160
160
160
160
131
160
160
160
153
160
160
160
167
107
182
68
157
157
157
157
157
157
157
182
160
160
82
157
157
73
160
155
165
176
88
88
172
11
155
135
81
166
13
131
164
151
57
132
41
24
9
138
5
119
173
24
180
131
85
36
95
99
80
84
132
