24
112
42
170
108
106
105
21
91
141
15
91
110
132
64
16
109
11
112
132
15
121
149
19
131
47
94
115
83
92
155
110
61
77
121
77
147
140
70
99
80
142
14
146
69
44
41
77
54
110
134
1
149
30
104
167
59
60
134
109
32
157
0
129
34
17
31
25
133
41
64
64
135
107
118
58
147
78
66
114
93
92
14
67
29
161
161
53
11
105
147
156
169
41
59
28
49
158
113
77
126
145
81
5
54
152
166
142
134
39
31
181
89
121
171
41
78
158
90
12
68
132
125
131
165
169
103
97
12
176
92
15
92
134
66
31
168
95
94
108
161
92
135
31
126
125
167
126
132
64
135
181
31
132
34
121
182
47
116
18
15
14
16
146
140
164
43
111
81
93
141
140
69
31
77
79
134
29
53
108
125
134
149
92
181
144
125
99
59
93
107
132
174
134
76
141
109
91
167
108
137
50
145
151
145
12
92
82
15
172
109
162
1
98
30
9
59
95
174
173
41
31
30
112
96
5
80
109
134
151
25
45
92
104
139
144
31
68
89
162
175
175
92
156
169
134
98
89
135
125
70
92
92
31
171
39
1
106
41
116
134
114
33
74
88
88
145
62
173
24
12
31
3
142
127
96
5
108
164
166
126
166
47
47
109
141
41
106
6
79
95
69
44
84
73
41
55
175
114
31
82
134
95
139
95
