177
13
67
121
51
33
28
90
120
50
84
35
45
94
64
67
147
33
26
182
69
58
121
94
110
142
14
47
94
99
19
6
120
84
18
10
104
166
81
45
140
135
23
145
54
13
90
35
65
41
145
61
87
52
50
86
53
172
41
120
41
19
149
41
12
48
110
64
52
76
92
61
177
94
3
47
61
16
131
137
66
30
149
43
90
134
3
26
62
41
161
35
26
141
61
92
134
137
146
134
57
141
84
122
41
147
180
151
53
66
49
142
33
57
141
61
76
128
103
125
46
26
14
26
55
14
121
141
53
114
34
25
41
41
90
58
75
177
34
134
24
141
118
93
1
132
24
50
19
34
29
181
94
30
123
33
147
111
34
26
41
15
15
134
18
169
129
140
61
134
160
38
60
134
134
41
165
104
19
103
73
154
117
81
147
63
162
174
131
135
166
91
141
18
160
55
156
164
14
21
41
27
23
41
11
114
135
178
91
18
120
128
149
167
98
13
59
41
133
30
61
49
141
173
94
45
114
34
14
165
120
106
172
102
36
27
31
160
12
133
128
155
41
79
87
25
92
31
110
68
77
61
32
123
120
11
72
161
140
60
160
108
18
23
149
152
161
122
138
46
169
40
104
28
178
50
152
167
152
36
56
30
70
167
152
81
166
83
83
106
108
27
29
102
182
57
61
173
55
127
12
180
61
141
31
