58
60
165
55
33
18
176
68
78
58
55
60
82
160
102
45
44
43
133
110
148
178
146
123
62
70
54
33
58
83
116
113
1
26
78
134
170
175
19
102
44
44
182
2
84
103
15
32
84
21
28
97
136
35
169
75
150
173
7
35
161
103
158
2
165
165
97
146
173
133
181
51
130
70
72
110
148
2
93
81
178
56
133
114
22
18
103
116
114
134
99
70
36
144
147
41
118
19
35
20
84
55
43
2
147
51
70
59
41
100
70
87
180
66
18
24
157
134
102
76
134
2
114
109
76
30
32
18
70
179
85
35
60
158
65
76
59
56
2
138
2
70
157
115
80
102
125
144
108
119
168
79
70
172
103
54
16
2
10
132
16
14
6
179
177
81
181
127
75
94
125
127
27
58
35
102
7
61
125
69
44
51
20
51
150
106
29
3
97
114
108
115
45
82
124
101
114
39
104
35
150
110
20
114
123
59
131
161
5
7
125
11
179
33
152
62
114
22
130
80
135
135
25
180
60
182
33
157
181
103
135
53
50
25
96
141
68
110
28
19
110
15
84
38
39
106
94
2
85
90
128
28
77
9
182
176
165
146
10
51
31
125
165
56
57
115
41
7
85
0
140
179
71
108
9
94
40
19
180
182
60
36
135
36
85
50
0
64
101
6
140
131
72
83
97
175
11
52
177
30
149
150
54
132
61
2
56
