56
134
161
10
114
27
131
120
34
123
42
70
57
120
27
56
90
89
144
68
60
56
84
19
95
114
45
161
180
57
89
175
114
145
13
45
56
132
39
69
44
41
41
2
145
132
70
45
104
56
2
57
33
35
132
70
57
144
41
149
34
123
67
110
134
132
56
137
11
144
57
2
134
39
134
82
180
11
34
39
39
131
60
27
104
17
95
123
2
127
146
83
149
148
108
46
145
181
59
103
61
93
177
102
11
46
107
121
145
65
74
144
2
127
171
18
74
127
173
57
131
31
140
131
90
39
54
31
83
141
177
52
54
45
67
44
69
74
94
75
134
121
54
127
59
160
115
92
134
134
35
43
16
72
103
45
98
101
113
132
116
132
131
72
23
96
175
9
57
42
43
46
92
24
83
89
10
124
106
22
132
180
162
95
92
41
40
96
134
67
43
94
65
41
41
134
134
145
14
26
156
179
81
12
12
139
55
112
69
90
9
61
138
46
11
131
21
165
45
176
80
21
44
75
89
5
179
57
22
138
11
177
69
41
116
24
61
41
31
134
61
31
131
57
81
83
91
112
45
76
134
132
134
120
25
54
137
120
41
132
43
2
141
124
31
86
86
72
24
23
38
25
106
138
14
147
33
41
11
111
116
41
134
73
119
103
91
134
126
81
134
123
90
39
132
61
115
99
41
131
41
134
2
41
2
11
133
41
82
44
1
14
55
61
27
56
20
11
134
44
109
31
87
23
150
137
134
63
138
165
158
103
63
166
144
75
76
41
1
165
41
131
122
141
24
45
108
1
90
57
31
91
119
132
2
84
77
56
45
134
134
94
3
134
134
0
133
116
180
61
41
41
21
21
166
132
24
54
68
134
155
41
166
64
144
68
5
36
134
95
92
137
57
137
84
149
72
129
108
86
138
45
61
60
160
103
132
72
81
164
16
15
90
148
169
61
39
38
134
145
19
141
39
87
100
24
18
175
114
134
58
144
76
50
116
123
9
108
0
0
128
158
78
72
83
145
31
134
41
75
31
156
130
114
31
86
140
2
95
41
57
57
3
140
45
137
31
109
157
38
51
11
75
74
132
41
40
90
56
41
142
70
90
11
69
82
176
178
95
165
137
132
146
106
39
87
87
82
120
77
5
177
31
134
31
40
134
17
41
147
76
112
13
47
81
124
131
134
130
65
177
81
166
93
81
134
131
41
31
41
178
106
48
131
70
59
131
41
108
109
96
134
131
41
44
141
23
81
137
134
152
155
25
36
110
48
61
79
65
41
15
20
126
68
41
68
64
124
41
31
134
41
160
174
81
79
14
134
75
131
93
69
78
82
180
92
23
107
107
41
134
104
83
159
118
70
123
14
175
132
134
57
120
44
24
143
87
117
117
144
128
133
30
149
134
94
152
152
166
144
20
109
56
15
117
117
179
79
119
9
75
48
138
138
86
69
108
134
31
79
61
94
84
134
90
123
137
169
26
138
64
41
133
41
134
140
2
121
134
15
76
150
110
123
14
13
31
49
26
76
134
134
149
