79
29
162
16
32
140
136
176
73
159
165
58
130
169
182
158
164
29
22
21
78
146
72
157
136
176
121
159
75
141
53
152
160
14
53
178
179
18
128
10
12
130
75
144
100
87
100
167
93
167
166
78
26
152
53
159
178
141
164
47
164
2
104
18
136
103
146
101
101
159
32
101
56
103
95
42
19
102
27
114
118
152
135
29
6
19
26
31
8
12
103
49
99
21
41
87
51
150
33
44
94
122
31
3
43
31
33
122
149
46
122
7
126
144
172
172
133
49
124
30
45
133
7
165
121
27
39
17
164
117
35
77
77
156
80
1
128
25
151
45
109
1
133
25
146
21
48
68
59
2
172
109
34
79
104
173
138
113
122
21
165
144
48
130
69
44
45
77
157
128
48
45
48
167
113
84
60
118
3
22
69
136
178
130
171
105
32
67
75
0
70
117
31
53
105
16
77
22
122
30
149
65
133
141
158
167
74
36
146
62
122
1
118
12
21
36
138
142
142
111
111
127
2
59
74
94
58
0
126
40
0
39
30
65
69
60
57
75
53
22
17
12
69
1
96
54
31
21
100
134
75
131
10
114
111
102
91
65
30
7
30
82
129
11
141
128
172
95
17
46
146
11
2
131
0
70
21
82
129
19
136
102
70
43
74
28
123
123
172
105
178
127
66
95
93
81
40
171
89
95
138
140
22
53
172
53
151
15
65
93
174
30
149
58
69
124
101
74
158
47
73
3
121
21
99
100
130
137
1
1
77
67
181
134
150
133
128
164
24
117
58
162
76
135
111
61
36
18
126
129
45
94
177
166
107
8
1
39
141
11
119
121
43
63
72
97
146
59
103
25
144
78
104
126
168
139
51
38
40
179
139
65
27
39
38
157
79
39
62
28
39
61
13
12
120
137
114
182
38
34
12
41
134
44
5
53
164
127
59
148
39
39
69
69
179
17
107
166
127
85
61
49
1
25
128
31
126
114
43
150
31
20
53
41
22
12
95
65
12
159
11
63
33
100
60
68
83
86
66
76
104
59
81
99
144
126
83
24
148
162
44
76
139
32
59
72
89
178
60
135
25
149
83
93
40
62
173
40
95
18
18
1
146
146
125
96
119
27
96
171
43
95
92
19
17
74
81
152
83
162
114
94
72
11
74
162
162
44
35
149
30
131
33
172
139
107
65
40
48
22
130
126
80
81
155
32
150
100
22
85
108
161
119
40
133
18
84
139
130
114
34
135
17
89
141
40
127
76
173
127
56
68
84
12
165
119
126
78
78
13
116
16
172
5
11
159
106
108
158
68
40
100
36
171
48
179
172
46
96
134
134
69
16
126
123
73
24
102
102
147
53
40
122
109
83
96
12
129
89
149
157
149
148
58
123
9
176
94
58
94
58
65
134
65
61
108
109
155
80
165
120
173
18
35
182
152
117
172
12
43
56
7
113
35
173
58
50
34
150
51
171
107
11
82
69
2
70
76
122
2
126
15
97
96
172
38
171
165
126
100
96
127
74
0
144
2
17
73
89
25
142
25
107
118
77
146
106
158
137
175
147
128
65
139
122
31
72
126
67
155
79
78
21
117
15
31
137
53
114
172
129
147
158
51
88
79
122
100
45
155
155
168
167
101
173
65
74
129
40
17
162
179
40
181
25
100
159
88
142
118
31
43
14
96
96
106
36
147
138
2
61
18
46
76
102
22
12
58
3
81
41
100
25
95
70
91
105
51
150
150
89
101
87
111
96
32
113
39
127
97
81
139
98
146
114
83
87
172
139
91
58
125
60
20
107
166
54
114
114
38
34
51
19
46
130
53
96
21
158
157
48
100
130
173
26
86
65
89
33
116
158
38
27
166
149
134
98
69
144
33
73
98
157
11
137
31
95
162
8
78
32
159
129
164
164
49
60
24
106
114
11
103
62
169
72
9
135
77
78
73
168
31
40
21
68
115
54
126
2
38
176
86
41
101
145
83
94
82
69
48
33
86
88
173
45
126
61
134
72
134
127
137
13
105
111
