173
165
8
44
128
82
100
178
34
155
86
81
166
61
137
180
12
116
74
45
86
174
99
96
133
96
95
102
67
99
165
166
23
2
140
172
43
61
79
61
106
3
48
31
131
61
61
171
171
10
93
91
11
10
94
120
86
59
114
116
19
75
145
150
69
41
20
68
172
94
166
145
2
118
17
45
109
171
138
148
148
67
116
19
95
137
17
70
91
133
155
21
180
45
166
2
60
65
142
52
43
24
67
18
114
2
54
34
120
91
61
140
38
121
92
107
140
17
10
10
45
115
17
48
54
36
106
10
176
114
179
95
99
108
79
61
137
121
169
17
62
125
60
120
131
61
108
31
60
76
61
134
166
164
134
75
89
96
51
61
15
102
149
117
30
93
50
110
91
10
27
1
8
45
39
114
147
15
126
68
169
145
145
29
170
114
1
74
134
102
83
170
87
34
135
166
138
134
106
60
34
121
48
48
173
17
111
94
172
12
132
31
66
59
10
56
70
99
62
122
61
114
61
118
159
136
136
31
166
109
79
134
126
131
39
134
134
125
75
109
31
82
30
137
82
133
76
101
53
27
26
95
82
140
145
64
179
127
8
143
68
169
175
132
12
98
70
79
83
24
69
162
26
45
49
