24
94
114
49
179
177
180
136
126
83
149
30
116
28
65
14
81
95
94
128
133
178
84
34
38
120
25
177
51
172
58
19
129
25
82
151
55
30
109
75
133
120
134
24
10
149
65
155
25
86
119
119
131
29
135
79
31
81
19
56
61
59
82
134
25
134
0
133
91
91
126
126
126
61
13
58
119
109
78
115
130
61
131
134
126
99
64
53
86
135
149
126
89
48
149
135
112
8
135
162
41
17
29
58
141
97
68
87
80
8
96
106
97
25
25
81
31
149
81
12
12
81
7
31
61
106
133
49
136
25
166
127
131
57
42
7
134
41
12
19
101
141
45
0
52
12
147
151
41
62
133
85
111
59
90
127
