161
27
58
133
169
162
161
117
38
77
159
73
104
103
95
65
19
150
22
178
114
62
15
58
58
69
100
149
95
133
181
124
144
95
181
181
18
7
126
167
25
25
73
95
89
65
54
137
133
19
141
102
104
26
77
45
92
95
181
114
122
54
44
69
40
68
72
3
89
178
60
100
77
139
38
95
63
155
126
171
100
48
108
138
11
181
120
181
11
116
92
139
48
181
94
120
68
132
95
106
35
114
95
74
72
139
95
44
74
70
81
75
169
55
3
61
96
134
118
132
22
82
60
12
24
83
115
170
1
61
97
141
12
116
36
29
49
110
76
32
117
83
179
45
99
83
91
75
114
41
134
78
114
31
45
41
130
127
99
5
70
60
107
76
110
99
17
120
31
87
72
49
35
130
127
78
133
82
7
41
18
180
161
83
17
53
28
141
17
39
17
109
125
138
17
83
104
17
128
17
116
41
11
151
96
7
31
53
141
121
29
141
132
159
36
12
41
91
145
135
96
149
159
24
97
76
17
129
19
175
95
19
96
83
168
95
60
134
25
39
36
134
137
91
18
29
18
62
145
114
51
76
17
181
151
151
83
47
52
68
72
31
35
146
78
89
80
141
53
17
41
68
29
138
46
17
134
134
25
