31
181
134
101
2
53
131
31
61
44
110
181
53
54
75
180
167
167
60
60
181
145
131
115
12
119
47
131
137
120
48
138
19
47
60
41
127
134
145
90
34
121
34
121
8
25
131
24
41
76
164
106
121
106
41
131
91
12
34
106
63
100
50
75
158
128
91
15
105
135
177
20
84
58
12
121
85
41
47
38
109
96
56
108
131
134
61
172
54
142
77
10
177
5
12
31
41
24
112
83
134
52
105
91
33
53
145
161
56
96
61
87
56
2
131
68
34
121
39
67
172
44
12
95
169
60
128
132
38
11
95
128
126
12
91
61
100
178
41
2
155
64
144
137
34
181
72
137
57
16
162
42
161
133
128
139
132
3
81
95
44
42
157
1
72
66
141
36
134
134
138
145
81
164
74
92
109
31
17
134
47
56
16
90
35
53
147
23
114
25
125
