102
62
26
73
149
34
147
76
22
97
62
77
161
58
87
117
113
120
34
22
117
141
31
77
95
87
116
51
51
97
36
45
181
117
147
83
24
95
70
162
63
73
117
74
77
97
49
75
21
63
83
33
43
58
114
51
60
73
105
83
92
24
51
150
61
123
68
12
96
102
155
142
61
24
44
69
70
69
124
88
74
109
68
177
69
69
22
103
60
41
70
33
12
20
45
68
39
134
82
144
72
59
51
46
68
15
134
96
103
132
147
55
54
51
150
102
78
56
15
144
31
56
56
172
59
57
104
144
85
91
44
86
86
131
127
103
182
132
43
33
116
61
102
150
51
131
73
61
14
70
85
104
15
39
31
68
59
140
131
75
180
180
16
158
95
121
104
132
24
98
134
123
17
147
137
144
147
102
142
15
147
86
7
77
76
84
99
175
96
74
17
17
77
95
13
120
76
114
178
33
101
31
44
11
41
83
42
113
31
142
90
51
102
102
132
112
56
116
151
140
100
15
120
54
131
3
77
82
2
132
3
104
17
17
130
121
17
94
130
95
131
17
72
51
43
52
132
61
82
34
151
91
25
84
82
110
90
46
88
123
121
34
86
132
104
151
77
77
17
182
123
17
144
2
97
51
142
104
114
49
56
49
133
24
8
27
110
147
36
29
132
53
27
132
61
110
33
113
56
131
132
18
16
110
70
144
24
40
1
136
176
17
35
140
17
145
17
134
104
17
104
57
67
11
92
114
24
112
57
60
17
104
120
34
120
17
39
158
108
61
7
57
84
175
175
11
61
19
142
102
159
96
76
15
161
109
155
79
128
73
2
57
18
70
178
15
15
51
17
103
144
103
25
3
82
149
129
