84
13
28
132
17
41
17
17
38
150
38
146
6
42
35
150
150
19
15
182
13
132
161
35
103
116
39
25
171
132
123
132
43
80
60
139
66
16
94
24
107
25
43
2
134
126
41
114
182
2
58
142
131
3
128
150
39
34
24
83
118
148
100
124
68
139
134
36
45
84
45
17
153
114
126
86
134
70
178
100
73
49
101
165
127
75
82
32
158
144
14
150
124
84
61
140
7
134
39
131
20
44
180
31
61
102
86
69
55
113
169
130
17
150
79
134
73
73
65
28
114
159
56
131
72
99
139
83
24
171
155
35
91
64
61
114
140
119
146
82
139
77
39
111
10
23
82
120
144
31
128
77
145
134
45
114
95
167
117
159
122
23
150
73
142
19
156
137
134
18
0
21
59
11
78
133
78
88
33
133
84
31
116
55
3
121
114
145
131
156
0
12
167
89
95
114
76
172
96
54
182
76
2
95
181
59
134
173
17
17
129
127
72
144
134
144
167
17
69
159
113
73
150
134
127
97
48
31
32
17
3
68
39
20
24
168
120
65
116
19
17
3
131
93
174
158
49
12
131
83
91
95
75
152
167
164
77
113
15
57
60
181
61
179
167
172
14
20
82
134
120
141
3
145
100
45
58
94
122
48
172
107
0
132
2
41
136
5
17
93
164
133
56
31
150
41
73
102
66
133
73
134
144
146
125
49
138
83
120
137
134
105
145
133
