70
92
28
82
101
31
114
50
88
18
24
10
51
108
18
10
63
82
18
125
14
90
22
41
40
45
110
60
128
64
45
45
8
96
26
65
144
24
83
67
94
85
101
44
41
31
77
19
72
45
51
170
24
179
38
38
161
70
54
61
13
159
34
94
45
12
19
8
137
70
13
122
78
138
159
48
126
24
97
13
150
77
59
70
39
22
182
118
33
114
12
159
146
116
124
86
140
52
61
16
140
56
144
147
90
10
120
75
146
146
146
11
41
126
75
126
131
44
182
16
97
150
74
60
60
68
14
172
35
129
25
31
10
31
11
103
32
119
68
8
72
34
179
22
41
133
164
120
41
131
150
51
68
84
102
109
23
42
137
91
49
48
138
126
134
114
51
11
129
129
5
85
120
31
31
56
108
75
41
109
54
149
134
53
91
42
31
77
86
11
83
106
144
49
120
34
29
145
146
146
126
31
41
75
142
147
182
146
116
17
73
180
127
147
159
159
145
129
7
17
131
51
11
123
47
68
142
112
14
167
74
171
16
175
39
34
