60
96
40
26
109
138
5
109
41
41
45
120
36
41
179
120
54
109
77
41
119
109
91
41
125
61
41
109
54
31
87
138
170
41
46
138
3
33
95
49
125
9
137
41
125
11
10
19
11
35
145
1
31
100
172
179
133
54
36
40
141
63
11
72
63
30
95
96
11
103
10
47
96
95
68
11
62
131
41
24
99
89
8
33
116
138
126
8
135
107
1
175
45
101
137
36
95
88
62
61
41
53
5
63
122
131
48
99
41
125
31
134
116
15
134
137
147
109
81
31
108
60
2
139
34
150
93
166
119
21
39
48
41
47
41
140
99
109
39
134
131
48
79
170
97
108
96
109
53
166
62
135
36
135
95
120
48
107
135
102
48
135
36
91
48
112
11
31
5
41
5
40
3
135
165
24
5
40
95
137
39
144
10
33
138
110
7
11
3
85
39
68
107
116
41
53
1
141
107
125
88
48
134
34
109
85
125
61
72
72
36
105
89
141
46
48
135
30
39
56
53
166
141
166
108
61
134
175
79
59
137
41
122
85
61
36
31
100
31
179
141
57
105
71
116
134
75
24
122
