120
72
18
161
56
32
60
30
62
117
22
98
84
21
165
62
45
156
136
65
131
165
18
161
40
50
42
81
54
89
165
100
42
119
70
158
20
176
176
119
70
55
65
159
142
134
161
134
31
5
113
58
100
165
65
136
99
27
135
86
174
98
79
7
89
41
107
48
53
122
62
41
13
65
113
107
81
10
126
126
74
21
41
53
151
127
23
58
17
17
48
55
151
167
61
129
36
139
95
2
159
41
116
131
41
82
132
34
145
31
167
133
1
128
2
132
139
49
74
41
110
55
132
128
31
41
126
132
148
88
170
126
73
159
78
73
113
38
48
142
96
112
49
126
48
2
31
116
82
94
132
140
41
126
111
97
32
165
13
41
10
138
151
73
17
180
174
27
14
113
45
135
63
143
141
62
70
15
82
176
174
138
134
38
2
