120
34
116
54
67
8
39
22
132
50
100
20
3
49
114
159
83
45
43
66
79
60
125
32
96
12
11
32
107
51
75
142
159
95
8
120
74
151
170
169
116
116
124
39
31
83
31
72
134
96
39
44
92
129
60
134
107
151
136
53
134
8
99
128
54
170
75
102
68
142
57
106
39
83
15
91
86
95
116
69
68
21
33
113
40
148
75
75
121
86
83
61
21
21
177
61
76
127
11
11
114
86
11
41
5
136
73
106
46
8
67
87
133
100
21
83
127
60
68
100
19
110
41
106
95
44
84
15
95
11
8
127
77
108
149
137
31
172
67
133
106
61
15
127
39
86
40
80
166
86
41
83
40
31
70
2
68
134
29
41
41
11
113
134
116
134
132
9
134
56
60
27
134
55
33
106
89
42
60
134
127
27
36
134
108
5
116
41
146
22
11
5
106
81
