77
12
147
75
91
31
174
75
83
120
41
147
131
15
6
159
60
182
70
131
134
103
17
53
42
2
75
91
61
43
90
123
102
49
133
140
57
100
120
134
41
19
89
41
39
60
20
53
102
41
17
41
81
100
68
69
69
123
83
72
71
141
41
133
134
83
31
25
165
99
31
110
41
65
40
104
16
59
127
126
131
31
51
31
116
69
134
41
43
132
144
41
18
100
61
17
70
60
11
144
43
134
127
53
126
109
162
18
108
17
82
24
102
172
179
134
151
25
137
73
181
134
30
102
83
134
75
179
106
134
31
61
41
41
91
25
181
127
103
139
46
134
31
80
82
39
75
14
83
178
43
3
131
11
111
144
95
61
134
31
72
83
83
85
86
3
31
72
120
128
17
39
56
83
24
2
106
73
9
172
103
131
41
111
61
109
106
179
102
134
34
84
144
24
47
96
93
156
96
100
103
134
73
134
159
61
41
41
41
17
107
155
3
6
76
134
109
36
124
134
75
18
36
41
45
56
69
41
178
86
59
43
3
43
121
21
31
31
36
79
126
153
153
6
17
56
98
135
57
83
24
134
110
10
103
134
83
164
61
12
127
111
17
17
61
141
57
173
134
132
167
127
17
11
132
85
134
161
10
53
176
165
128
151
128
3
111
112
145
100
41
41
89
41
111
41
74
11
127
28
151
135
20
176
176
99
99
41
44
30
93
74
61
108
121
34
96
48
6
181
41
96
137
120
5
109
109
111
113
151
73
128
102
82
41
134
131
145
181
41
41
41
181
95
171
103
54
66
42
135
168
98
23
32
144
74
14
65
131
156
111
89
142
74
5
46
157
40
40
7
156
73
91
35
41
101
34
121
5
156
78
156
63
57
160
148
69
73
74
9
108
75
65
152
86
145
135
107
153
156
151
128
73
140
126
134
92
75
134
80
17
156
160
56
99
181
156
153
152
24
83
61
23
25
94
156
156
110
99
136
21
152
152
60
106
23
96
170
73
55
36
181
92
74
34
14
170
61
31
107
92
2
104
148
53
41
69
10
167
12
82
117
41
91
95
100
