124
70
12
134
134
52
131
134
87
83
171
34
99
41
74
130
48
43
34
121
79
91
53
45
96
76
121
17
137
104
162
71
0
23
9
97
83
77
136
112
99
87
112
158
68
141
72
77
18
49
0
90
101
113
85
76
75
107
54
87
114
72
15
18
3
47
130
67
33
149
81
119
48
16
116
123
131
14
22
180
120
121
124
49
144
15
24
31
11
98
68
131
50
123
129
128
69
116
127
24
63
116
119
55
171
109
88
9
177
179
93
1
3
159
75
131
169
176
119
114
128
132
149
42
18
123
36
134
41
83
136
171
45
0
47
29
9
177
172
17
97
106
96
33
181
178
149
30
29
85
31
135
13
141
172
34
38
24
171
94
91
123
24
83
18
109
141
47
61
38
116
79
12
112
51
170
130
171
53
69
122
29
34
85
23
30
82
39
6
16
116
34
102
141
24
109
125
64
62
3
181
103
9
171
52
70
90
67
40
116
137
6
39
127
31
140
115
54
137
35
70
88
80
127
116
20
125
6
67
3
127
54
34
114
134
62
80
1
127
142
53
53
149
10
3
58
80
173
124
79
91
79
120
6
162
180
135
91
6
122
48
127
38
13
169
123
82
38
133
128
68
109
48
105
119
36
107
120
164
148
136
164
32
156
11
132
134
114
34
53
107
127
120
39
96
116
24
89
173
24
116
84
134
96
126
21
109
84
112
76
29
55
32
21
11
72
81
35
52
159
170
75
79
135
145
65
45
24
145
120
92
122
115
84
144
137
139
90
95
3
149
156
54
70
140
91
159
55
180
180
112
34
120
137
47
59
74
162
53
11
31
94
79
107
68
32
39
