68
41
51
33
118
21
26
78
114
130
81
155
114
107
8
81
149
99
38
22
159
91
15
49
97
38
58
102
179
114
119
73
1
76
38
78
162
51
150
78
19
99
40
1
40
77
7
43
95
89
72
148
77
121
32
1
21
96
150
34
110
86
33
56
95
91
45
166
124
51
81
24
74
54
41
158
116
112
68
88
141
166
135
32
21
38
76
46
89
95
40
122
32
169
157
73
146
9
79
79
116
1
102
117
175
181
78
33
134
68
41
96
38
60
71
166
131
136
22
179
36
49
175
66
34
113
128
146
126
180
128
20
78
133
166
135
98
89
180
48
15
72
72
116
40
81
141
22
159
68
124
9
155
1
144
161
102
116
135
79
8
10
73
177
53
53
107
135
135
1
126
53
110
135
134
5
58
116
88
16
72
42
155
74
129
24
81
81
8
150
121
39
34
72
172
112
35
167
68
8
72
26
88
172
32
60
175
41
41
53
131
122
41
181
95
12
28
97
76
111
69
14
102
138
136
93
141
34
124
141
161
13
29
156
12
81
38
3
134
8
134
34
135
95
35
75
87
2
43
113
109
92
71
36
86
124
95
85
67
53
118
41
68
69
93
96
124
43
107
121
34
126
5
116
120
11
114
76
17
121
34
165
12
30
122
17
95
166
135
128
82
144
136
182
11
77
173
147
142
103
173
12
114
38
22
40
111
23
74
18
60
82
79
31
1
12
33
104
136
15
12
39
104
142
110
13
31
100
53
96
77
58
76
77
96
136
134
124
179
113
35
61
50
105
59
70
20
84
177
19
121
36
56
68
96
16
99
63
98
41
5
21
70
141
90
7
156
176
121
1
176
114
118
62
41
39
38
124
148
104
165
