171
30
166
100
84
138
138
103
87
58
24
94
29
76
143
7
42
94
180
28
95
76
94
24
24
126
79
61
166
120
60
166
140
36
57
25
76
150
54
54
155
181
44
91
91
54
45
178
17
56
113
182
24
83
40
57
24
98
10
131
58
76
142
158
172
60
29
128
57
170
78
48
102
107
2
22
17
76
30
148
73
157
2
10
30
60
91
91
9
133
128
10
137
24
75
91
24
171
31
134
75
53
127
70
19
109
126
93
91
105
170
75
148
60
91
60
149
131
20
17
110
10
91
17
134
178
116
88
99
9
146
128
100
128
10
0
101
100
111
88
115
88
11
103
110
81
101
70
28
85
20
67
28
44
167
50
88
180
31
180
29
170
94
61
41
177
99
88
111
122
147
17
36
171
156
146
159
58
89
44
17
128
113
129
59
103
129
138
86
45
17
29
142
74
18
78
114
106
117
76
6
145
62
29
166
164
164
81
107
40
96
19
105
105
142
29
174
39
1
40
88
63
30
2
168
19
149
20
17
133
128
109
76
117
20
25
18
107
30
41
18
149
61
159
138
