95
110
42
7
23
116
103
79
83
24
56
19
122
58
58
83
134
72
172
81
144
177
2
79
31
51
6
15
61
67
11
131
38
178
48
69
31
101
45
77
134
181
72
171
15
59
57
150
54
180
45
95
149
21
165
165
116
24
61
43
10
85
41
76
182
113
131
31
50
41
25
72
91
76
131
169
72
90
31
24
11
86
11
134
10
5
31
91
123
134
140
68
151
148
15
57
61
3
69
172
116
142
34
162
7
63
40
169
130
119
177
41
180
133
134
17
79
48
169
31
61
61
31
131
159
61
61
41
123
159
22
24
134
44
33
92
102
44
134
22
137
91
90
18
61
57
58
109
179
5
36
80
73
69
80
25
73
39
78
31
134
166
17
41
142
144
21
5
104
41
10
31
93
176
117
117
102
116
107
176
151
48
172
79
24
83
99
131
171
5
137
16
120
41
146
146
132
111
134
61
67
148
44
127
140
134
61
134
116
91
69
47
142
169
107
131
166
164
126
175
29
97
75
31
134
33
33
108
2
1
61
68
2
45
75
125
29
117
96
13
41
2
134
24
94
119
179
134
133
179
61
41
173
79
77
179
61
134
42
35
68
134
133
15
47
127
93
117
109
145
133
134
120
82
46
128
43
