1
40
129
76
84
76
94
127
116
91
87
7
62
49
133
84
31
116
94
102
91
171
19
91
175
116
137
177
31
148
54
11
129
103
91
158
61
20
146
102
72
64
45
54
49
102
160
124
134
70
126
33
124
136
10
115
106
175
39
60
20
119
103
60
101
11
24
94
24
140
132
69
49
114
77
11
21
131
137
160
54
129
61
24
24
89
53
116
132
42
5
140
42
124
181
133
9
131
133
134
64
131
77
67
24
83
41
124
5
53
149
120
46
115
91
38
171
96
41
61
96
40
139
29
36
31
164
164
164
164
65
161
130
89
135
122
172
145
39
150
39
38
133
131
16
82
72
132
111
11
58
24
172
