157
158
156
81
78
107
157
165
81
117
78
136
93
158
173
100
26
171
60
26
50
58
171
136
172
136
54
69
155
62
120
34
93
173
58
136
44
180
34
180
176
93
8
108
138
172
171
97
138
58
167
124
180
43
32
152
69
44
34
120
44
127
2
65
54
173
173
146
36
54
146
67
78
97
45
21
21
41
136
75
49
54
28
82
44
130
131
75
75
58
45
58
10
50
136
106
51
10
48
94
79
38
41
36
36
69
121
69
93
180
86
169
77
54
82
20
104
175
54
100
162
169
172
64
94
136
36
67
41
91
50
173
157
13
162
48
91
45
76
73
149
171
29
32
175
64
152
11
113
137
94
173
45
45
56
57
172
29
109
155
11
171
44
158
110
157
148
0
70
8
107
179
159
162
42
91
176
171
166
57
162
60
109
171
165
73
106
79
95
103
54
103
90
109
90
96
140
99
119
123
49
8
44
92
108
49
162
99
135
131
36
106
91
40
40
24
11
11
119
1
176
109
70
72
80
92
166
1
115
115
120
177
61
125
121
74
136
50
108
171
162
130
41
40
150
34
170
109
86
5
46
108
109
24
75
75
11
127
95
139
44
69
124
23
11
42
8
44
75
155
24
108
82
180
82
96
31
54
136
82
69
95
79
177
174
48
40
118
107
135
56
43
176
45
5
50
30
106
162
46
76
76
120
73
135
166
86
11
137
106
128
133
49
75
138
15
41
131
91
95
70
84
60
58
17
86
76
171
138
9
61
164
119
162
165
83
91
86
142
26
109
87
17
141
46
20
67
61
170
71
5
150
50
119
90
97
149
107
11
87
131
164
53
17
121
172
93
20
75
95
34
38
103
71
109
59
171
0
13
178
120
27
125
75
138
72
96
171
99
18
107
179
131
95
10
80
173
44
59
132
5
18
56
54
21
181
75
82
180
91
124
44
40
86
17
67
17
45
89
109
171
119
107
149
74
119
23
59
90
46
138
40
81
158
9
0
176
7
42
26
135
43
9
13
43
178
57
63
