132
114
92
104
123
15
103
132
161
90
77
124
132
103
76
39
113
56
29
68
89
47
77
150
15
112
15
114
51
167
101
77
149
144
132
10
112
77
29
51
76
123
144
11
39
45
38
144
45
124
129
85
18
150
159
11
92
77
104
17
34
114
53
92
137
90
147
68
34
72
123
146
69
10
45
54
38
73
67
134
76
33
102
15
15
137
121
34
34
150
68
11
31
12
124
12
66
131
82
129
131
65
57
103
58
85
97
69
69
124
2
11
56
132
39
124
20
6
68
41
108
95
35
137
39
124
141
61
120
52
33
117
48
181
61
52
58
51
56
33
145
95
112
18
51
11
15
15
181
84
10
114
85
66
57
68
34
120
144
103
56
61
94
150
34
61
144
59
47
20
41
33
175
108
102
51
8
128
134
41
11
162
117
95
134
116
75
69
34
173
69
44
139
15
56
5
82
144
108
41
150
51
144
149
12
159
89
132
7
134
11
115
41
72
144
92
117
108
39
147
16
101
150
2
64
66
84
40
5
159
144
123
17
49
79
120
137
134
41
22
11
25
126
71
0
91
52
84
34
94
67
39
27
17
145
104
144
56
126
120
9
175
127
43
83
134
58
150
34
111
69
44
95
20
29
150
144
19
72
11
41
25
19
38
31
41
6
109
70
38
10
114
61
127
94
132
110
116
44
69
8
134
77
41
75
174
60
84
84
56
139
13
33
167
31
161
127
65
84
51
123
43
41
145
25
150
102
86
134
12
5
92
91
132
45
158
176
122
57
158
120
81
180
51
54
83
104
148
121
57
11
121
39
134
119
68
72
68
84
17
33
41
45
144
71
29
58
78
78
65
178
100
83
54
57
2
34
114
53
60
118
64
64
44
157
157
107
84
84
51
41
41
132
179
84
88
90
134
57
91
56
57
54
83
39
79
97
13
27
145
3
123
108
57
145
50
132
42
20
15
31
79
41
62
93
176
134
11
36
116
111
110
81
149
147
144
132
42
114
180
137
41
30
149
94
86
69
33
31
11
156
26
54
8
24
41
2
98
41
95
166
38
68
5
25
11
182
87
15
45
72
116
31
89
116
83
134
2
11
11
45
134
124
45
109
53
109
134
149
131
72
63
160
67
19
39
91
106
24
56
57
11
151
83
130
78
133
95
61
0
140
139
114
53
94
3
76
124
132
51
144
65
128
57
2
134
55
85
63
85
1
97
171
49
158
20
161
84
134
82
144
122
49
104
159
53
80
8
31
25
64
84
11
56
14
56
159
91
80
1
49
48
107
128
57
2
47
128
43
24
70
93
36
56
100
6
150
95
134
92
179
108
83
83
