148
144
86
144
34
111
2
74
83
129
36
126
76
31
134
138
138
54
159
72
108
106
21
86
61
126
134
69
44
134
41
109
57
133
171
109
134
91
109
80
49
128
75
134
134
36
41
23
41
102
49
74
119
124
80
15
15
59
41
38
134
75
57
19
144
11
100
15
105
41
82
134
134
11
44
95
134
83
24
125
127
41
134
41
123
162
91
144
101
43
63
28
138
41
56
10
109
134
138
133
77
19
85
88
24
14
160
164
69
176
171
126
122
58
30
134
83
134
94
10
109
139
17
124
134
119
58
161
22
61
11
31
83
52
57
63
63
85
47
14
85
63
24
83
11
178
132
6
7
63
121
2
107
135
63
166
109
50
135
107
12
135
146
23
161
134
162
164
14
