100
75
64
1
178
82
149
167
72
43
93
164
81
126
51
34
31
173
146
75
62
99
137
60
180
172
120
68
180
157
144
166
174
150
31
131
141
165
2
83
51
90
18
172
147
146
20
152
51
33
33
12
70
96
157
137
18
130
44
169
99
72
83
19
72
83
69
82
99
31
130
83
82
0
25
60
60
114
76
144
43
90
17
44
24
83
167
69
141
180
19
53
131
53
96
12
90
30
33
145
20
173
0
109
136
97
171
40
132
138
86
108
177
72
18
72
120
43
54
114
150
45
172
13
79
24
83
88
94
57
34
33
75
11
45
19
70
121
78
73
179
179
74
15
91
95
151
61
61
100
94
23
95
94
119
136
137
121
92
19
10
115
169
42
165
45
26
73
137
174
137
83
54
29
177
73
69
94
18
93
81
149
64
39
0
178
125
93
145
164
68
81
166
11
50
26
74
43
121
79
43
169
158
132
17
92
12
131
20
125
17
24
131
134
110
181
39
38
12
21
75
6
125
21
126
70
172
74
127
62
46
88
80
50
80
15
55
42
151
151
91
85
30
41
45
170
81
128
157
88
32
141
135
81
93
176
93
62
151
125
52
19
15
157
59
70
149
121
39
75
98
49
125
125
39
171
137
135
166
36
50
127
119
136
65
157
182
0
60
89
140
81
30
141
161
42
