76
67
25
15
94
25
172
178
12
10
83
137
126
89
10
126
25
141
126
41
41
144
31
103
91
115
36
114
7
131
128
180
25
54
61
60
141
16
41
76
94
58
61
24
126
100
159
120
127
72
83
82
18
126
20
123
140
7
81
149
3
31
91
40
96
24
7
36
31
94
80
120
91
44
69
61
96
120
44
123
41
127
31
34
51
38
59
12
108
19
89
74
138
94
10
148
41
86
120
53
15
87
124
91
48
72
108
96
24
41
151
17
19
2
2
132
49
73
76
72
109
45
91
99
41
162
82
15
13
96
131
10
149
77
31
171
96
131
131
31
61
137
62
48
31
59
114
77
58
173
54
39
41
39
137
2
48
44
144
60
146
151
73
