36
157
122
152
156
65
105
149
78
168
30
149
26
114
35
31
35
12
53
10
149
111
111
144
69
69
33
22
137
70
104
56
69
33
54
67
102
70
148
21
43
181
68
27
57
166
180
180
103
70
79
150
12
96
31
175
67
109
33
6
145
8
91
41
141
15
162
90
165
45
31
109
140
167
107
48
170
108
90
57
75
180
7
31
109
120
18
145
141
75
79
131
137
76
45
137
102
48
97
181
100
83
127
2
92
135
49
133
67
121
175
29
99
80
134
95
145
132
138
67
107
166
45
41
63
141
15
135
169
116
48
142
96
41
75
46
41
145
171
3
42
38
82
49
105
39
100
75
25
96
141
2
67
45
94
96
36
76
137
36
8
130
1
52
135
19
91
151
111
47
49
133
130
143
63
53
95
96
107
166
97
177
135
82
8
61
72
179
61
151
131
57
