90
90
144
77
173
29
51
147
139
15
140
83
109
170
54
172
7
139
76
75
142
109
68
49
91
61
179
119
172
11
54
15
172
172
63
54
151
100
28
134
42
7
11
86
41
83
58
171
172
103
89
109
62
54
181
113
17
109
177
137
101
100
137
181
94
58
131
23
131
148
31
128
33
106
17
72
46
94
182
38
34
18
48
169
71
12
3
99
148
6
99
86
96
134
46
120
1
172
180
33
11
126
23
82
82
130
6
172
127
91
133
158
171
15
82
18
68
132
137
138
86
77
128
42
54
145
3
43
31
41
110
121
142
180
31
134
24
134
124
54
30
148
83
82
108
180
20
15
87
134
82
95
33
131
46
108
181
171
131
63
61
75
15
6
100
76
6
24
61
31
99
180
5
20
35
35
3
44
177
150
150
36
27
51
138
149
151
14
59
131
145
116
133
120
127
31
121
54
41
54
162
106
173
132
19
128
133
146
78
78
49
31
39
137
102
76
131
137
67
75
59
22
87
108
131
175
100
83
109
70
148
134
19
96
75
41
41
112
83
79
83
45
97
28
172
48
126
120
137
145
2
6
56
64
134
161
84
42
133
73
10
19
28
41
145
166
148
173
47
52
52
181
11
