158
113
76
139
122
147
89
89
77
68
56
77
159
49
74
97
61
150
132
125
127
35
70
51
181
175
150
51
68
135
81
104
52
66
15
33
132
90
42
15
173
175
175
42
15
49
68
49
34
32
0
35
81
32
159
32
68
107
89
81
58
108
57
144
77
122
19
104
150
51
132
29
179
116
179
15
64
56
179
18
96
21
79
11
131
132
94
49
56
70
56
53
125
33
40
137
19
60
174
92
2
19
61
125
175
57
51
102
132
99
123
16
171
110
56
2
19
26
74
137
92
2
63
125
72
15
56
54
12
132
60
34
144
142
110
110
56
169
98
16
110
94
24
39
142
29
51
5
47
132
29
29
114
110
110
124
169
83
142
110
142
142
20
43
90
56
111
141
136
81
92
175
164
136
44
103
7
36
72
150
123
120
83
47
14
132
2
85
2
57
148
140
132
19
139
56
83
24
168
104
43
102
123
105
105
56
35
178
31
92
135
72
124
48
94
24
24
83
38
0
125
151
55
149
84
72
17
54
110
167
125
46
92
15
21
175
102
53
24
144
125
10
178
34
68
132
70
83
58
35
33
33
134
64
53
24
83
151
31
33
125
120
85
77
120
66
56
141
172
5
149
92
18
99
38
77
180
17
43
70
15
55
19
149
81
51
172
44
18
133
161
56
112
149
83
56
70
33
35
91
161
72
130
141
167
87
173
137
71
118
60
41
52
141
50
103
118
99
18
119
36
135
166
56
79
33
93
110
132
135
48
92
42
92
68
101
135
145
10
48
70
20
125
123
34
132
170
139
62
72
113
69
100
93
57
145
150
51
123
0
125
87
92
93
133
33
140
19
19
166
87
132
149
67
53
123
1
119
102
132
132
111
119
132
18
140
38
18
70
132
68
61
103
137
123
70
36
137
25
57
132
132
36
132
164
0
53
120
61
96
96
50
140
149
0
77
113
145
20
2
96
77
122
166
164
166
113
79
145
141
59
79
123
103
85
139
1
1
144
60
141
123
134
60
107
135
125
134
135
135
32
1
96
166
166
74
123
2
97
101
11
64
15
123
127
31
22
107
7
6
2
141
92
141
12
134
68
11
16
135
158
27
172
17
