174
108
56
174
30
3
59
91
70
16
71
24
97
3
7
128
177
72
61
58
18
134
95
100
9
75
59
114
79
155
56
170
159
178
10
76
180
94
127
84
157
170
106
21
177
138
41
151
121
131
61
114
93
176
59
150
162
41
158
169
180
67
178
75
178
141
5
9
155
151
21
58
51
137
68
11
131
128
131
62
60
134
181
127
84
91
70
134
139
75
131
41
138
159
127
80
110
96
116
32
62
105
162
119
12
134
89
65
45
11
51
146
137
123
96
53
133
88
125
126
98
31
75
151
36
15
111
110
2
18
100
15
31
2
138
107
82
138
118
166
167
93
59
107
18
149
110
45
90
36
65
146
38
39
82
181
172
108
80
88
131
5
53
18
104
39
25
31
18
145
34
2
45
70
98
59
143
55
182
51
126
19
79
134
148
94
14
131
5
142
133
25
70
85
41
32
11
15
62
18
165
41
53
6
116
134
109
149
133
68
179
88
25
53
17
52
91
162
53
43
42
159
108
40
5
125
59
38
31
6
135
38
65
68
126
131
68
92
135
33
17
158
119
78
17
74
180
130
124
80
96
48
138
45
41
17
87
83
131
150
70
21
38
105
25
13
144
134
36
165
135
114
132
67
48
141
100
151
111
31
95
2
12
166
96
103
61
123
140
126
82
145
85
125
56
46
155
25
12
1
5
5
5
161
61
127
80
5
59
56
127
162
40
134
123
11
131
108
113
134
6
123
91
148
134
109
48
6
126
144
151
151
12
98
134
5
81
56
61
33
149
171
108
54
31
17
166
164
164
69
6
20
5
99
109
6
99
66
17
151
6
134
38
181
11
