81
169
81
11
106
165
104
70
171
119
90
95
41
106
171
152
146
79
95
116
92
161
158
165
165
45
41
126
60
90
59
28
117
92
25
34
49
146
90
9
56
26
130
128
40
150
3
102
121
32
54
41
27
30
76
90
149
161
161
90
57
39
58
39
130
158
75
95
96
60
139
45
78
133
134
144
101
116
74
105
29
69
121
121
114
61
65
17
11
127
39
31
74
90
67
67
41
85
129
11
137
14
73
93
156
88
144
3
32
149
89
42
72
70
182
90
104
16
112
152
96
90
126
172
10
30
152
32
174
68
91
63
14
14
104
41
30
89
36
114
126
65
35
73
181
72
98
47
137
8
57
124
173
49
149
67
151
112
132
147
85
93
108
63
112
63
148
5
89
129
140
164
27
129
23
109
39
124
17
73
14
29
172
116
161
117
76
174
61
85
64
78
14
146
146
39
170
41
122
122
92
2
33
92
143
156
168
149
73
72
116
64
61
22
31
38
2
57
49
61
111
35
64
113
93
119
120
132
170
89
161
74
134
97
157
166
14
54
95
78
57
136
122
158
41
64
3
126
93
28
35
91
96
96
171
28
27
27
121
32
167
104
118
99
66
58
65
137
114
170
54
70
57
31
23
38
90
159
93
65
128
146
77
78
36
158
148
95
175
141
45
158
170
49
146
25
55
142
51
61
38
112
137
97
49
98
167
15
16
38
102
17
105
92
68
68
39
159
90
140
113
147
43
113
61
169
93
35
143
137
57
104
142
30
81
128
145
172
33
140
27
81
170
109
11
132
178
137
13
30
32
1
181
31
134
114
29
74
148
137
47
127
72
140
138
7
76
48
113
69
96
96
40
70
17
13
15
155
10
65
121
74
96
96
2
19
164
159
70
51
14
62
109
65
75
129
150
116
168
73
21
172
109
45
57
20
142
97
19
65
101
80
127
157
72
179
117
117
155
134
130
48
159
159
109
112
33
134
121
65
46
41
111
25
121
14
145
140
108
129
157
157
121
15
61
31
2
109
31
131
18
26
135
63
50
42
60
68
62
119
132
139
146
173
113
146
60
34
114
33
54
13
12
72
146
74
74
47
34
74
129
41
135
66
76
30
0
22
