96
122
81
162
36
173
72
19
105
41
55
128
61
45
69
53
97
141
16
18
77
62
140
28
61
78
96
179
19
128
133
178
164
49
107
41
105
29
11
74
55
93
81
70
24
78
16
53
54
50
62
74
1
124
110
76
60
139
15
110
177
179
131
131
130
58
2
30
116
90
73
92
1
11
43
133
11
15
177
15
31
11
94
12
72
78
30
166
172
15
76
82
34
103
134
46
48
44
39
12
41
91
129
32
78
168
18
61
131
169
165
121
155
63
31
53
15
81
100
59
164
18
18
121
23
90
134
53
114
51
53
177
95
41
111
110
177
39
43
121
34
6
135
95
11
148
179
57
109
7
131
172
169
181
116
110
97
136
95
75
24
81
99
78
126
132
100
18
76
133
134
41
24
75
83
81
149
17
78
151
42
42
3
77
61
135
25
40
116
135
141
