61
68
59
89
165
20
162
142
132
33
59
87
98
49
17
84
49
33
92
131
147
100
121
145
43
144
90
35
172
104
147
20
32
15
116
55
133
65
81
89
121
27
129
58
127
74
172
57
82
80
127
34
76
89
27
24
12
31
129
120
144
104
126
143
14
173
49
128
3
57
41
124
109
181
132
10
96
167
31
177
89
47
91
16
98
126
145
95
113
74
31
175
95
135
151
1
179
89
89
96
87
82
111
24
97
20
149
30
100
94
132
11
31
33
104
62
99
100
89
60
45
126
125
134
70
41
39
126
30
149
92
10
26
138
69
44
41
68
127
132
110
134
18
116
132
134
25
40
41
20
129
126
139
126
92
25
72
10
133
76
101
145
39
127
41
41
132
149
102
113
82
30
96
5
145
49
134
137
17
74
27
92
34
126
102
110
39
82
41
128
103
134
92
44
89
67
126
55
13
161
109
98
41
175
76
134
0
149
11
15
75
17
41
68
114
134
17
46
44
24
35
126
111
61
34
38
21
134
127
131
75
95
113
151
113
53
