51
90
148
15
116
34
114
180
116
75
117
118
83
114
134
54
70
61
116
14
67
87
9
63
9
114
47
7
17
116
116
114
45
17
63
164
176
102
114
75
17
158
82
30
39
159
105
178
166
67
91
21
139
110
20
116
114
27
121
22
158
39
17
92
44
141
82
95
75
3
24
75
94
176
45
150
20
62
109
12
43
7
114
144
109
61
144
16
5
55
19
68
60
144
176
21
97
126
126
115
72
171
182
144
3
7
176
157
175
150
126
138
110
142
118
83
120
97
49
2
5
148
147
8
66
14
138
96
17
174
151
141
18
44
82
133
104
46
151
151
151
104
103
5
179
31
104
133
180
5
116
