144
41
78
73
146
84
19
15
102
51
51
41
41
24
106
179
68
170
146
49
32
91
79
24
72
51
114
51
70
79
126
10
0
95
159
19
149
144
124
155
114
102
68
31
119
40
139
38
159
34
150
124
24
82
75
51
88
100
131
159
61
31
31
148
94
127
61
132
105
159
127
17
139
171
31
129
31
25
89
25
124
82
120
126
126
41
167
133
49
83
129
129
49
178
35
46
170
138
100
24
99
73
95
124
93
72
72
44
49
177
51
114
126
105
6
135
113
135
114
41
39
150
134
119
41
41
178
110
114
62
178
73
75
134
114
49
120
179
76
127
89
150
68
124
114
49
41
134
95
116
41
41
41
168
5
108
111
17
179
134
5
139
142
134
17
111
102
51
126
93
21
119
103
5
134
83
24
94
11
95
82
113
88
40
40
41
69
64
141
26
99
134
137
49
45
138
17
17
30
134
17
54
75
100
119
41
116
39
41
120
120
99
64
120
85
85
44
134
134
51
124
133
11
12
75
60
51
125
156
88
99
96
41
160
162
173
136
43
69
58
31
96
127
106
36
41
53
108
116
120
54
31
129
57
133
99
16
51
41
114
11
92
134
56
129
49
178
134
86
166
87
31
41
3
41
31
28
44
41
90
134
41
1
80
179
