76
137
11
175
1
92
137
56
123
137
120
68
11
155
15
84
59
69
1
138
41
121
137
76
59
82
59
144
131
11
61
179
57
39
60
66
137
58
180
61
137
99
129
83
24
88
22
29
63
14
110
3
55
108
48
170
40
94
44
137
141
24
62
29
99
47
94
31
84
126
80
138
63
170
64
16
101
61
108
101
36
61
181
99
23
44
50
1
95
116
50
47
94
83
44
39
106
138
61
47
63
72
181
103
1
104
99
24
83
96
95
9
88
11
83
155
83
24
179
96
5
169
96
126
8
121
106
158
15
89
141
116
11
101
35
68
59
24
41
170
29
12
158
15
44
34
51
116
86
138
121
171
89
61
8
131
141
95
100
98
11
88
173
70
144
41
11
88
61
116
115
46
79
149
116
181
167
96
119
8
116
109
150
50
182
41
40
148
29
136
96
19
171
39
63
23
23
9
23
138
134
119
33
182
81
18
39
31
85
79
137
179
126
155
65
24
164
134
171
23
72
86
101
39
138
11
11
68
144
144
116
158
170
134
170
40
61
145
47
145
39
149
81
109
11
158
173
31
83
67
134
63
12
83
12
107
43
41
61
162
134
82
41
134
63
126
99
112
59
44
136
75
45
179
87
42
105
29
41
161
95
82
94
5
36
36
128
133
170
115
138
59
10
31
63
109
34
138
162
128
39
21
161
63
63
170
88
119
15
95
82
47
39
11
99
88
138
36
39
142
41
63
83
24
94
67
179
99
48
116
83
9
9
63
62
72
171
76
16
181
63
47
86
34
161
68
106
23
108
170
119
70
116
11
76
41
134
112
119
48
24
61
93
60
76
119
72
31
138
68
8
181
134
181
93
141
101
117
11
23
85
75
178
35
104
40
105
117
173
44
83
134
131
166
29
81
63
143
79
95
141
175
88
136
144
164
122
14
121
56
92
93
173
110
19
59
68
139
41
68
108
47
87
146
103
136
136
