93
180
110
140
91
9
131
8
178
69
82
140
125
24
21
164
149
172
131
10
141
50
131
46
125
41
135
166
46
45
31
99
108
40
131
73
131
173
76
108
125
131
45
109
58
109
105
108
5
48
75
69
80
134
44
69
89
94
177
82
46
53
31
75
109
69
84
89
145
97
15
106
85
25
109
48
61
5
89
45
113
79
145
131
179
155
109
57
90
8
109
19
16
69
85
21
124
80
73
104
38
18
80
96
82
46
65
31
89
12
123
145
23
141
3
69
12
114
51
35
47
17
134
56
155
46
41
65
69
44
140
117
145
113
65
56
128
141
21
176
109
24
146
137
41
107
81
132
149
166
135
9
158
12
131
54
57
41
82
53
31
133
122
69
44
145
61
81
166
125
114
146
3
30
89
145
131
134
91
82
30
178
73
95
3
107
135
166
135
135
181
135
12
180
75
81
141
95
171
6
109
127
134
148
138
76
178
72
41
38
25
25
100
95
91
129
108
25
91
61
141
113
125
173
171
99
151
181
140
135
5
135
116
132
126
61
126
25
165
68
74
81
180
125
107
19
41
149
53
91
135
98
32
137
83
126
1
151
92
139
135
127
125
65
110
133
128
18
137
107
135
