161
122
99
2
172
99
103
103
181
89
127
127
134
136
33
66
41
116
171
165
8
8
90
131
116
126
9
170
171
171
44
100
114
3
2
67
42
180
69
24
178
2
103
24
83
182
41
181
11
117
101
114
41
61
45
61
56
9
181
31
144
2
178
164
138
2
18
116
16
109
148
69
116
85
41
134
114
11
99
32
32
139
9
10
10
94
76
25
131
121
137
89
2
2
11
7
90
41
178
103
88
25
41
95
34
180
120
10
174
179
134
132
31
64
181
72
180
31
34
127
25
179
2
11
45
161
114
134
56
120
25
179
74
134
52
25
134
45
121
65
20
7
76
45
60
109
19
17
94
96
25
137
80
29
147
89
126
96
41
49
99
40
61
92
179
80
68
109
158
2
112
147
135
107
109
21
131
145
2
134
128
5
145
33
80
53
38
13
18
2
41
95
5
11
166
63
6
125
131
134
41
179
179
80
176
134
96
49
158
135
100
92
41
2
56
75
24
63
145
134
179
53
111
80
91
131
33
132
57
135
116
11
72
41
44
180
177
112
25
41
6
134
145
179
41
5
12
109
131
63
179
120
27
64
86
18
55
134
132
107
80
79
10
24
75
56
132
109
80
56
92
100
166
139
0
0
47
85
179
109
68
120
76
94
103
142
145
116
107
5
53
96
180
94
41
133
179
179
145
27
25
31
82
31
64
101
36
73
182
78
35
145
109
104
125
61
95
5
75
83
109
81
100
167
116
113
101
53
41
73
2
31
83
111
49
53
52
74
73
36
149
107
135
18
17
2
5
175
12
5
80
101
83
31
127
36
128
166
29
135
166
5
93
164
46
6
111
68
164
89
2
57
84
131
124
107
12
25
47
2
93
101
40
36
53
54
67
110
111
53
179
17
20
48
76
109
19
107
145
105
12
10
108
125
15
104
12
162
125
36
23
47
131
138
91
91
145
54
109
131
12
17
25
137
109
31
29
48
166
107
110
100
101
2
85
41
134
89
54
158
166
53
80
96
133
128
134
24
113
25
2
15
134
125
101
78
25
127
170
109
31
11
2
76
75
0
100
161
137
158
41
103
143
20
127
147
19
31
36
104
59
110
145
17
57
162
83
141
46
109
17
14
73
61
5
85
179
109
90
59
63
2
80
123
36
25
57
139
137
166
41
41
11
109
131
36
179
126
5
0
31
134
167
127
83
0
116
24
166
30
135
133
2
161
41
127
113
141
172
31
76
95
80
180
19
6
135
75
144
134
95
174
134
138
74
101
151
80
31
43
67
41
17
41
5
128
53
113
17
76
31
93
53
131
109
96
52
2
127
181
109
30
117
107
36
31
109
18
162
158
100
127
31
100
145
48
134
134
56
173
95
138
41
0
0
172
1
100
2
5
5
97
19
128
127
76
10
131
