171
61
124
64
131
33
33
39
92
72
33
33
112
72
47
75
82
11
15
12
41
137
92
124
41
124
41
120
120
76
65
38
77
150
104
44
47
24
94
32
94
61
120
103
144
140
142
8
128
31
8
14
14
33
73
132
181
104
100
65
86
11
87
179
148
148
66
6
70
67
100
94
5
9
63
116
8
120
75
41
19
55
131
82
108
102
112
56
109
83
65
120
76
61
16
16
41
167
114
49
19
34
114
144
94
31
182
144
14
79
75
145
172
83
24
17
65
120
64
104
16
104
140
104
144
113
73
67
170
95
177
64
95
114
161
67
120
137
87
94
135
121
38
42
64
141
64
140
90
31
52
41
171
149
90
104
63
137
121
120
145
177
69
104
116
152
42
79
161
147
86
22
164
104
15
57
147
34
79
102
95
10
124
104
15
57
93
164
167
0
182
53
14
33
0
101
164
81
38
142
131
157
158
67
89
156
92
1
148
60
151
117
134
126
82
137
77
49
16
117
25
135
136
34
41
126
157
55
55
121
53
26
62
61
96
33
90
19
155
141
134
54
113
69
31
3
144
155
137
155
137
53
137
137
120
141
62
39
90
41
23
47
65
22
33
74
131
121
61
135
135
25
67
18
173
157
81
64
150
170
81
126
93
42
112
135
135
10
75
144
53
134
151
104
134
11
95
48
18
14
36
119
90
104
33
116
116
66
75
57
135
87
145
42
19
91
85
38
39
7
16
149
164
105
121
9
116
91
98
167
167
41
45
23
79
30
146
81
100
17
61
82
132
59
19
24
84
17
82
81
57
78
78
83
41
116
119
38
103
149
29
21
72
94
8
172
50
10
121
91
17
151
151
126
57
182
164
13
9
96
83
75
116
86
80
179
31
141
141
122
38
41
100
51
141
116
90
18
47
62
90
131
72
3
128
38
85
178
155
94
116
141
141
18
14
91
33
28
14
134
42
105
14
47
33
112
140
121
28
133
167
166
30
90
84
65
28
45
77
131
99
45
76
77
78
101
134
79
83
86
93
11
56
42
129
49
115
164
51
83
39
31
31
164
166
24
