138
40
110
126
102
168
20
122
89
136
41
72
102
145
95
43
121
172
76
25
89
116
20
133
72
110
62
81
149
91
69
41
75
136
126
50
91
103
51
145
113
62
2
91
1
24
79
31
91
132
92
79
104
134
47
92
100
134
11
111
30
36
62
44
5
92
24
126
131
161
83
92
31
75
134
21
92
69
71
64
83
131
41
43
26
175
173
83
91
10
20
134
90
32
116
41
87
56
60
109
17
44
95
41
91
24
79
181
45
126
107
95
30
24
79
156
73
108
53
164
134
92
39
105
83
83
29
95
104
16
173
122
30
166
131
76
173
83
41
137
137
131
36
92
76
31
12
149
131
48
151
60
140
31
61
75
68
68
12
134
134
41
134
64
75
72
151
73
141
12
12
41
146
150
41
36
1
103
141
159
179
105
73
113
144
42
36
11
43
138
48
31
12
76
134
5
179
5
131
12
43
