169
75
24
44
68
48
61
60
54
92
65
170
41
9
172
23
31
55
44
31
86
181
57
91
126
39
32
72
95
24
25
106
90
97
126
121
91
179
88
31
120
147
45
11
41
80
78
78
119
80
3
67
181
41
95
41
2
131
54
145
137
114
112
31
148
31
50
55
146
60
56
170
144
40
61
134
131
142
131
134
49
97
127
84
135
41
40
48
101
38
114
75
172
134
135
125
137
41
158
104
179
140
20
134
49
104
79
73
56
89
177
131
134
134
131
114
137
49
171
61
133
19
31
134
127
126
131
137
155
70
83
149
181
80
114
95
84
0
95
144
107
41
107
107
90
151
111
76
14
77
61
134
164
25
75
42
134
56
61
68
70
29
140
151
149
57
134
135
46
46
41
114
114
24
64
140
109
48
62
41
18
96
58
23
140
16
159
87
41
145
165
108
126
129
68
74
74
56
80
80
49
92
113
145
166
0
145
24
131
134
108
149
141
117
128
137
120
137
114
