116
182
146
58
65
136
65
21
9
107
9
20
180
21
136
65
119
3
95
21
148
78
172
165
146
113
65
150
18
66
60
110
72
132
166
133
107
58
127
156
31
16
127
50
21
62
115
158
174
81
152
116
178
28
103
144
141
112
19
83
96
134
76
19
25
102
113
106
119
145
169
15
68
81
51
51
36
41
173
142
170
74
52
10
141
92
72
114
15
159
127
28
32
82
10
34
150
173
47
6
17
73
148
148
144
20
95
33
44
94
114
134
131
146
134
24
15
127
84
94
103
136
72
86
61
83
12
96
144
41
12
150
31
126
34
95
2
11
93
41
21
19
92
72
134
150
51
99
134
76
131
31
102
94
148
95
5
38
94
44
53
57
56
127
41
45
28
1
131
111
172
67
178
171
77
102
25
150
56
3
17
111
104
134
56
72
134
127
104
19
121
45
72
23
150
95
81
99
84
8
18
107
108
41
43
155
132
56
162
132
107
24
70
134
100
18
95
175
94
134
92
74
179
0
68
31
51
104
169
88
128
114
74
74
31
56
24
141
16
77
85
54
171
18
2
46
67
175
34
31
103
2
169
13
53
56
46
21
110
84
121
179
49
73
165
156
155
96
177
112
135
49
2
132
79
107
69
94
64
85
131
150
34
127
78
24
162
41
5
60
134
63
169
