54
20
131
140
2
24
150
38
38
31
20
45
11
44
179
72
91
131
116
56
57
56
57
106
124
134
41
13
83
91
11
84
116
68
131
124
91
90
83
15
104
134
137
24
61
145
116
110
94
41
42
64
3
31
69
75
20
90
38
116
55
84
64
84
134
57
116
61
55
64
134
90
132
57
164
136
116
116
10
88
114
41
66
75
33
15
60
129
134
41
90
41
41
134
134
41
62
41
39
134
112
64
39
134
114
41
158
134
83
75
41
134
41
113
114
2
137
69
166
134
68
53
113
90
31
59
39
56
47
151
145
31
96
24
29
62
34
120
39
142
92
149
30
30
56
128
9
172
3
131
90
134
132
24
41
134
52
57
15
39
11
148
179
41
182
60
126
67
134
57
15
41
182
132
90
34
59
41
41
83
134
144
92
41
137
41
52
121
132
12
151
31
172
54
98
2
2
179
161
24
165
39
137
