40
172
179
18
117
149
36
81
35
58
118
14
58
110
66
97
110
53
128
149
27
80
47
83
129
135
162
136
81
173
92
43
58
17
123
33
157
96
74
11
165
32
139
51
66
149
0
150
51
92
124
72
23
97
18
21
155
1
122
182
95
35
182
76
97
99
114
69
35
141
118
34
30
18
103
135
135
95
147
43
43
20
171
75
76
38
103
122
50
73
102
13
68
28
43
102
135
168
3
76
149
172
30
18
147
130
114
46
72
43
144
91
60
180
144
24
148
103
69
68
30
33
43
106
68
178
166
35
140
68
178
1
122
70
28
149
174
134
78
81
60
82
102
41
147
60
60
14
121
35
43
82
110
111
53
51
44
115
119
158
157
169
79
8
173
33
62
102
21
181
136
61
114
114
35
90
50
19
101
127
27
158
148
49
1
158
43
65
53
72
91
91
109
158
41
109
131
133
32
58
60
85
55
12
94
127
76
139
114
9
145
123
41
20
134
72
150
91
72
15
48
68
7
115
79
41
98
61
8
108
130
126
158
49
66
110
61
71
46
82
97
32
12
12
108
71
69
135
62
71
17
81
82
12
61
41
82
69
171
75
132
109
11
121
41
95
45
95
134
83
130
57
85
70
107
44
100
67
15
116
128
111
134
92
65
33
106
150
65
38
36
17
40
162
41
172
91
91
100
59
100
15
72
127
35
9
35
106
126
94
148
70
56
158
7
162
116
3
19
86
22
82
42
59
149
12
77
91
82
74
90
50
0
65
138
71
20
76
167
23
129
138
40
144
100
96
82
173
145
36
79
54
2
108
5
77
49
100
49
90
176
82
30
69
29
105
31
171
6
46
100
90
177
25
25
99
108
15
134
128
17
91
75
123
127
12
131
137
68
52
17
17
41
137
20
126
110
82
135
177
69
25
158
148
1
86
106
61
142
80
134
155
44
69
73
113
25
142
5
105
5
99
148
106
102
182
17
43
168
5
69
44
94
132
59
61
74
25
25
69
134
60
96
39
107
149
19
117
31
68
68
42
45
40
76
53
151
11
108
45
1
8
65
129
22
104
54
149
59
112
45
29
36
127
65
100
96
63
61
134
107
126
137
145
92
92
116
23
30
81
107
12
