7
17
126
170
126
51
18
45
182
32
76
149
30
126
26
126
101
45
74
86
30
81
94
24
174
68
91
47
130
104
90
44
100
32
126
41
21
15
177
39
5
79
65
89
126
45
75
42
110
48
86
5
106
96
11
87
127
145
155
50
26
8
50
2
47
32
50
138
8
66
86
48
31
26
27
65
179
179
23
157
167
152
99
164
127
119
84
20
106
61
27
26
134
134
81
134
61
134
61
158
179
57
56
99
65
91
129
126
101
120
24
164
137
140
144
70
142
57
120
164
164
164
93
87
67
90
171
57
155
26
130
42
11
164
11
40
0
0
96
98
131
127
35
131
75
131
169
84
31
74
96
39
137
60
146
16
134
67
1
131
141
45
105
172
155
109
140
39
40
100
9
9
147
96
72
69
128
109
63
101
144
98
117
142
127
155
74
134
57
179
115
40
145
57
142
170
145
134
137
79
140
57
142
