42
88
173
49
24
120
34
75
24
64
46
169
20
171
145
11
62
40
96
86
138
34
120
172
8
128
134
137
24
95
6
130
68
95
99
119
176
176
41
65
155
171
115
115
131
44
29
130
46
74
82
25
5
6
101
31
169
82
24
64
99
99
5
177
69
80
126
171
100
127
128
126
24
19
7
45
20
39
101
46
101
34
22
76
17
69
44
12
178
170
96
60
133
12
126
7
158
36
75
20
36
146
114
45
112
69
108
126
39
24
85
40
53
1
78
78
31
131
131
7
21
138
41
22
52
2
109
36
97
31
138
133
49
150
128
133
146
23
31
133
23
121
36
122
60
51
121
138
50
50
41
137
130
95
95
36
101
152
78
133
41
6
92
31
30
149
171
75
36
14
109
149
100
129
49
30
141
63
120
57
104
87
3
155
95
170
99
36
133
21
76
126
138
172
29
89
134
77
131
51
26
41
138
168
12
138
48
179
96
129
108
87
100
62
36
22
53
53
12
40
109
179
96
109
81
81
47
32
174
61
40
162
180
117
58
89
128
25
23
125
151
69
36
25
129
138
33
49
150
41
