107
69
83
24
139
69
68
96
171
144
56
57
124
168
60
78
34
77
133
161
24
83
171
116
112
73
107
30
166
137
116
137
69
10
73
61
28
60
60
182
118
108
141
178
96
49
114
53
114
80
34
123
41
30
83
68
12
81
150
51
102
79
10
144
31
102
129
102
41
141
69
91
6
139
58
24
109
141
75
69
44
102
51
129
102
159
123
79
131
15
34
38
46
179
24
51
53
51
99
31
134
94
108
38
38
142
182
26
110
70
13
170
107
24
116
69
44
86
31
60
2
150
134
41
41
79
31
34
134
61
2
77
80
150
20
106
51
150
24
32
99
99
51
150
33
182
45
179
141
47
117
1
58
70
77
159
123
17
51
150
121
76
11
49
124
114
24
100
