75
11
68
120
149
176
75
115
170
103
91
54
95
114
44
91
65
166
19
89
123
76
116
45
141
41
83
16
94
24
34
65
138
94
83
8
90
108
161
10
83
108
45
61
75
65
98
109
108
126
9
41
132
56
154
93
61
89
91
8
79
101
65
72
171
83
29
67
138
181
1
1
40
91
120
41
12
36
109
36
142
104
138
11
11
81
61
108
33
31
89
136
41
145
62
32
173
36
134
108
9
61
96
172
94
94
88
41
92
76
39
75
45
95
16
105
164
149
39
90
11
62
69
82
11
108
91
57
90
8
12
135
41
24
24
61
109
105
9
108
175
145
145
23
173
58
173
134
150
41
104
9
23
129
61
108
141
61
40
109
177
31
95
11
48
145
136
170
54
102
56
84
164
149
5
116
135
127
5
