116
150
60
141
127
19
95
182
58
144
1
22
66
179
159
46
131
129
46
68
132
145
164
71
38
55
119
179
72
65
12
112
109
75
68
61
128
96
172
19
51
119
40
46
36
112
1
12
2
134
24
131
11
84
114
167
147
110
14
19
11
108
94
70
84
89
171
90
17
92
92
42
96
12
103
114
38
15
17
121
29
145
137
143
96
10
140
126
30
58
62
150
34
39
36
61
101
131
12
76
60
19
36
28
131
76
63
131
97
49
47
25
41
2
178
132
10
9
7
158
42
75
61
132
67
134
24
166
15
96
57
103
132
137
60
30
175
60
41
77
90
74
162
138
170
32
161
93
161
100
41
125
0
131
10
111
122
79
147
147
138
126
110
87
140
19
56
132
124
76
8
20
26
159
177
120
132
101
92
0
168
97
68
101
166
0
24
60
100
138
29
59
90
174
145
134
100
133
96
102
146
124
74
179
79
19
150
112
42
149
166
149
17
120
70
19
13
56
120
139
149
111
174
6
131
44
94
138
109
77
44
131
146
17
54
90
109
46
25
41
131
122
43
104
177
95
169
110
121
102
17
122
24
83
109
84
162
89
61
150
137
137
95
165
109
38
140
100
101
132
62
121
108
139
141
132
2
158
81
166
95
41
108
131
41
134
104
179
20
137
120
124
96
7
79
60
134
36
71
61
15
137
36
0
135
145
10
145
18
147
97
35
85
114
40
19
29
3
166
42
7
119
111
112
84
73
110
112
71
19
99
100
2
16
99
100
60
103
28
76
91
46
181
126
49
98
10
132
112
146
114
17
53
56
2
65
67
158
81
181
149
99
31
111
52
137
51
112
38
57
53
62
84
134
76
0
129
122
128
133
166
62
178
12
147
159
38
108
96
77
49
181
132
0
53
53
100
117
146
179
20
53
151
112
53
132
63
134
48
114
103
161
39
114
57
52
2
48
19
125
65
50
162
107
91
30
20
49
47
128
132
135
99
173
91
123
25
145
149
53
139
44
134
24
99
0
40
64
161
20
11
138
12
21
42
145
141
18
141
81
130
102
11
68
132
17
40
170
99
107
77
73
95
62
159
21
92
112
172
74
