107
62
48
83
166
46
61
109
134
116
10
103
1
115
40
119
60
11
114
103
53
121
34
116
150
132
40
119
115
115
1
61
23
169
80
55
178
51
114
131
41
48
116
136
96
34
150
12
59
104
72
45
95
84
87
91
31
60
41
2
58
11
116
61
126
40
106
21
134
9
95
59
137
116
70
144
72
148
140
69
177
179
179
72
126
0
85
41
43
61
44
69
58
81
120
149
100
45
172
134
169
69
72
61
110
95
116
134
133
49
123
170
126
123
72
5
40
48
116
124
120
106
119
161
100
180
61
109
125
166
129
116
61
134
49
133
50
71
90
95
129
83
5
94
93
47
69
72
45
18
38
100
72
148
172
92
91
171
172
108
41
31
83
131
38
114
127
16
41
96
127
42
35
34
38
119
106
68
18
43
41
144
15
118
70
95
68
116
141
135
107
108
122
12
11
83
31
134
123
172
135
116
87
98
22
91
134
41
24
54
104
31
85
177
96
57
141
49
119
59
134
93
134
116
61
8
49
41
64
7
41
100
116
134
91
94
134
156
69
101
110
82
30
168
61
50
49
97
150
39
164
98
50
40
45
128
38
170
18
31
128
41
30
149
125
62
108
119
39
39
11
34
41
45
120
129
46
68
122
110
83
65
170
34
141
54
150
83
44
150
24
112
72
174
98
58
134
35
99
133
131
24
171
170
135
12
12
91
141
141
27
8
10
107
