34
45
60
157
101
41
120
58
79
14
24
75
34
101
28
79
117
43
18
180
89
75
41
165
26
41
125
36
91
56
108
9
119
61
91
28
44
69
49
88
24
61
31
83
53
41
101
106
103
89
60
65
60
114
149
43
18
169
110
145
45
109
175
145
126
61
23
52
52
24
94
82
149
61
91
70
49
75
50
131
23
175
135
104
13
25
122
57
108
131
178
136
18
172
50
30
95
19
107
108
131
79
10
11
132
145
75
47
145
83
125
109
133
40
134
83
56
43
43
92
166
90
64
62
141
178
158
62
116
84
13
169
75
76
60
104
60
30
93
88
32
141
64
65
10
113
101
101
61
3
69
41
109
45
145
134
26
99
39
31
91
100
127
39
137
99
131
127
100
75
101
132
134
94
145
83
24
31
131
135
45
44
15
41
87
83
58
69
25
6
36
135
49
109
25
53
53
36
151
166
135
111
41
53
131
91
53
101
131
125
38
142
132
72
172
141
135
181
61
10
92
36
88
24
54
182
142
142
145
17
104
41
134
53
125
31
92
135
102
140
76
1
18
0
125
6
135
135
126
75
142
141
89
45
132
107
166
31
132
1
182
112
137
61
134
69
101
134
38
131
134
132
25
44
132
31
127
53
135
90
127
122
53
110
116
67
12
16
92
59
6
41
75
30
135
134
77
141
149
30
41
129
126
131
6
114
135
166
53
41
135
135
96
60
139
145
46
135
125
134
180
137
135
46
31
12
151
19
104
60
59
44
25
134
111
41
149
12
53
134
2
141
0
116
75
145
107
126
151
134
135
134
73
167
53
131
111
107
27
121
63
49
77
133
151
135
145
61
43
113
134
135
53
96
134
125
139
129
13
69
141
6
54
126
77
104
175
122
127
61
53
57
142
125
151
131
75
