165
75
180
69
131
12
61
24
173
31
92
23
119
176
172
131
115
144
97
91
67
121
26
70
45
123
31
127
2
9
48
20
170
44
59
81
70
108
91
30
131
137
10
131
108
73
145
31
51
94
24
94
170
123
145
31
84
92
29
67
143
99
112
47
2
31
2
83
123
145
145
170
12
106
48
145
75
162
134
181
95
81
120
65
83
90
2
124
134
11
145
138
31
11
57
24
94
62
145
100
134
134
159
131
134
41
75
31
134
94
75
61
56
134
137
173
137
91
161
47
131
76
92
126
31
68
52
132
82
33
145
7
100
127
68
31
177
14
75
83
24
126
138
49
73
52
161
61
57
2
36
46
115
145
83
180
41
13
95
31
145
57
52
79
61
41
155
120
17
134
170
106
125
111
170
106
137
131
132
132
132
181
29
17
95
100
17
127
54
50
132
75
180
124
70
181
139
76
74
74
134
31
145
134
100
120
58
41
12
134
110
11
24
94
48
41
134
48
132
11
134
100
17
134
113
55
45
85
134
87
109
123
127
148
137
91
126
63
134
156
0
134
129
31
145
130
127
41
132
83
0
95
23
63
132
103
17
132
31
49
123
36
31
57
