49
21
120
137
9
155
155
56
15
148
82
181
20
178
82
25
12
50
49
112
79
127
148
60
112
70
106
41
8
92
25
29
19
49
75
137
0
166
60
61
42
31
109
178
166
140
84
56
10
97
91
41
59
69
119
137
106
96
171
12
132
94
182
132
181
97
90
116
113
66
43
10
24
1
116
61
44
61
110
10
44
92
64
112
69
29
140
19
137
106
36
36
128
15
45
59
128
10
131
145
145
145
77
116
0
57
112
132
24
150
144
100
86
83
172
16
85
108
36
114
5
39
99
41
108
45
137
18
162
27
142
107
96
5
19
57
44
97
73
76
126
41
39
132
134
109
132
170
122
91
97
19
31
159
91
24
83
110
31
131
75
149
100
134
110
114
128
24
94
150
88
140
36
132
73
5
90
107
124
139
25
59
151
74
41
49
96
109
122
155
134
92
151
149
132
31
113
25
134
48
17
31
109
67
81
149
93
60
17
150
131
119
101
77
151
92
61
127
76
113
116
31
114
99
132
161
64
110
24
46
170
75
41
7
162
31
110
131
41
104
132
134
126
41
164
134
126
61
41
41
132
61
82
161
166
54
121
53
112
74
31
99
77
81
43
111
18
181
169
26
49
66
60
29
18
29
128
39
134
31
127
97
12
82
171
134
145
126
29
166
134
36
1
106
31
2
52
43
70
58
94
85
145
10
41
23
26
137
79
181
181
102
123
61
31
134
29
142
128
23
72
127
1
54
31
128
73
109
49
131
53
5
108
82
19
86
132
135
36
110
127
41
181
3
31
30
5
126
36
92
94
41
104
144
19
92
104
30
