179
181
2
15
19
95
124
104
148
15
172
148
25
113
76
110
139
139
0
132
123
75
47
103
111
120
7
48
133
114
51
38
97
123
24
51
150
75
134
89
182
70
100
108
57
20
34
134
72
149
33
57
144
92
134
15
56
57
51
150
55
134
76
17
31
102
19
59
145
134
100
172
43
31
151
17
51
150
59
60
70
150
51
132
68
79
51
156
87
58
2
70
46
40
42
112
95
5
92
35
56
112
96
61
132
53
111
20
43
46
168
128
51
56
144
133
51
150
173
132
61
56
56
132
112
132
96
58
69
150
51
70
70
144
120
45
92
70
96
52
111
95
59
112
89
85
58
133
126
73
133
132
132
6
96
138
127
127
144
150
51
138
7
12
46
182
51
150
128
133
43
0
100
145
129
32
2
24
19
95
132
181
114
144
57
112
131
108
32
145
133
128
43
132
109
112
104
148
126
138
138
147
41
110
103
20
9
132
150
76
29
51
150
5
112
13
13
73
128
110
57
52
59
112
128
132
134
15
104
20
128
134
104
0
67
128
121
2
32
132
141
126
5
2
67
62
17
75
109
141
83
132
100
19
25
6
138
138
24
0
0
69
58
149
20
76
102
166
19
132
72
11
48
71
31
8
29
109
75
101
166
84
57
131
109
36
2
132
129
101
19
137
108
49
168
181
126
71
128
151
62
31
53
137
53
11
59
57
40
151
31
60
25
19
39
19
56
92
134
172
129
90
42
2
25
56
72
