93
167
80
135
60
98
122
43
143
12
166
156
146
146
32
130
162
12
171
49
158
141
34
167
152
152
98
168
60
46
12
65
93
178
111
98
99
80
111
152
0
118
156
113
157
60
152
128
175
21
156
156
146
40
173
146
73
0
95
93
11
156
53
100
156
26
70
111
1
178
93
181
49
15
34
39
124
33
129
34
141
167
168
81
152
98
49
98
173
33
66
159
53
128
158
70
114
150
133
66
146
168
27
124
160
7
78
49
62
129
76
51
67
67
130
1
156
156
21
77
76
104
128
133
124
94
78
86
129
130
27
117
147
31
146
12
114
118
118
49
146
134
121
167
169
65
178
149
15
76
51
93
81
156
128
141
38
34
26
129
164
160
68
89
129
133
131
89
74
76
180
159
141
26
124
180
129
128
53
78
66
40
62
149
133
93
150
78
68
99
32
175
32
55
35
139
32
168
35
166
98
98
141
89
167
2
97
124
65
24
83
108
159
182
21
99
34
121
100
23
12
51
180
96
103
167
149
67
146
133
167
78
179
22
66
89
0
104
40
114
129
1
79
117
105
88
161
130
32
118
157
32
28
43
33
167
159
141
33
182
51
128
100
157
94
124
117
88
94
97
132
51
33
148
53
140
93
22
160
160
115
177
130
92
44
57
59
127
144
176
48
173
95
77
70
74
15
166
128
115
46
117
105
126
85
119
139
32
85
101
75
33
178
95
78
78
158
158
113
87
162
117
150
100
15
95
118
159
107
129
85
144
70
136
33
54
11
178
158
38
76
97
17
51
102
77
114
178
166
81
170
42
113
51
99
88
48
50
132
45
58
18
92
24
103
61
39
95
82
150
39
108
83
57
161
158
106
39
39
169
58
157
128
33
38
51
77
127
8
178
120
181
54
107
31
12
40
81
23
122
75
146
148
149
38
38
3
33
157
129
114
77
167
127
96
114
147
30
149
117
68
146
179
51
114
51
98
38
145
68
103
164
164
160
14
92
77
136
124
110
150
51
127
114
159
93
69
49
180
72
118
76
102
116
100
159
144
97
39
159
16
44
171
27
69
134
114
19
19
146
78
128
32
51
102
41
1
103
32
144
105
179
18
102
132
94
28
42
70
42
102
134
31
152
139
136
8
8
107
167
24
3
87
133
49
38
1
41
96
94
155
114
119
15
35
128
133
67
114
156
90
141
96
159
16
135
38
95
89
170
113
182
15
146
49
138
142
77
166
70
52
90
113
74
118
75
177
33
119
92
41
11
173
24
131
170
180
69
60
131
60
113
172
12
68
31
159
141
76
34
68
102
61
68
102
74
45
68
10
12
75
38
114
114
51
103
51
94
39
178
41
150
22
58
103
5
127
55
131
72
74
173
129
94
74
169
31
68
17
2
178
96
55
41
12
77
73
49
158
166
15
74
46
21
75
168
182
128
111
164
148
161
162
75
158
96
139
157
18
102
51
172
18
96
128
77
99
68
136
102
32
161
35
113
74
65
96
21
53
104
147
66
74
12
130
88
82
43
103
49
107
104
175
116
107
26
78
28
51
126
55
162
40
48
107
166
38
34
