150
51
47
48
9
138
81
53
171
95
152
81
149
61
41
138
88
40
119
158
69
40
62
95
109
95
134
149
30
115
108
82
51
92
108
149
30
109
72
99
136
44
69
114
59
52
106
108
179
134
99
79
71
159
33
76
69
177
46
18
5
170
134
40
77
51
61
171
175
121
170
109
129
95
171
44
161
76
40
40
109
27
162
113
38
114
109
75
119
169
36
177
69
119
51
150
96
46
79
140
109
12
121
76
73
128
162
69
177
109
31
74
96
40
65
108
36
48
106
109
41
50
69
44
58
113
40
41
31
5
12
31
132
127
39
116
106
115
173
44
41
108
74
6
95
174
116
33
82
41
41
99
74
112
147
82
82
30
72
179
82
24
39
137
133
12
134
134
68
47
5
77
41
9
31
41
179
47
96
46
11
41
44
179
137
48
1
27
92
40
40
1
142
41
29
5
74
31
77
48
12
11
116
47
10
34
61
12
83
134
75
21
134
120
54
69
134
46
5
19
35
62
41
6
106
40
96
44
92
19
177
31
97
41
83
75
151
151
