12
123
51
79
42
142
47
161
79
180
123
137
41
180
24
41
51
94
24
79
68
16
74
54
54
41
72
16
177
108
34
59
167
134
159
74
34
43
97
16
130
161
3
109
68
134
137
131
41
19
1
148
49
45
131
74
177
127
95
44
129
72
83
53
31
83
41
41
137
120
142
39
11
41
180
72
120
91
131
70
90
95
131
41
108
5
108
145
24
2
108
91
116
29
29
99
41
26
112
79
61
17
45
109
109
69
67
48
171
30
126
134
8
41
126
39
137
45
168
150
24
82
129
111
17
120
155
178
8
41
123
126
48
131
119
51
83
31
25
92
116
22
92
110
42
91
76
10
134
41
96
131
100
31
102
134
33
70
17
106
41
31
24
77
75
49
109
109
18
134
100
53
131
88
80
2
134
76
131
40
127
120
150
126
131
61
95
114
147
31
134
46
72
127
32
17
61
31
60
91
126
135
81
132
80
54
131
131
95
134
134
39
165
20
69
88
24
83
57
41
166
11
17
109
140
17
31
79
169
114
128
65
54
158
45
134
39
24
145
114
61
41
12
24
171
127
137
150
17
61
127
5
170
108
24
56
127
120
31
31
39
56
134
127
134
119
11
73
61
62
2
41
131
109
40
41
61
127
147
112
17
31
69
131
131
62
5
108
72
22
31
24
132
42
105
140
80
53
134
120
67
120
31
108
128
133
0
5
89
129
109
108
179
111
75
24
83
165
142
140
111
22
181
17
136
61
127
109
15
17
137
145
44
119
100
51
41
100
117
134
31
