141
0
24
95
148
140
172
70
117
22
11
83
24
141
41
132
11
179
53
41
18
61
11
172
41
11
11
41
132
134
114
173
141
95
116
120
72
121
144
42
103
54
136
51
103
90
11
129
39
53
48
71
64
109
138
134
89
53
21
177
96
57
59
64
64
17
11
172
58
95
12
47
137
95
59
166
21
107
120
41
31
72
140
108
61
131
134
155
3
175
48
11
119
134
12
170
12
95
39
137
68
134
95
39
41
108
131
66
41
170
84
101
34
48
96
82
11
100
107
15
73
49
14
31
12
92
151
151
125
32
134
109
41
151
151
53
68
166
12
75
44
108
151
95
134
151
166
119
85
31
114
41
68
11
6
41
6
6
151
11
107
31
24
6
141
89
134
120
151
31
140
42
134
96
21
165
132
140
44
41
110
60
114
68
38
41
120
3
68
59
6
6
118
41
83
177
41
135
135
134
57
17
141
68
159
82
44
44
44
41
105
29
38
12
7
48
25
134
179
17
111
151
151
97
62
11
119
24
41
46
134
73
151
86
96
148
41
41
6
