33
94
152
43
152
47
51
16
103
8
168
175
85
47
133
150
172
127
58
180
43
178
94
146
53
148
18
24
35
44
36
171
53
12
12
114
148
27
85
102
77
113
24
69
33
104
35
175
13
89
35
168
108
27
18
150
53
65
89
8
102
49
178
114
96
134
58
26
27
86
10
12
10
178
128
140
90
16
140
83
66
115
10
131
89
2
17
105
161
73
17
3
16
172
95
51
102
95
82
132
114
44
170
22
76
133
72
45
72
132
120
97
67
116
10
173
128
73
57
102
18
8
168
94
1
15
59
90
44
180
69
178
170
174
79
91
93
86
95
177
76
94
54
134
72
134
31
49
30
28
28
83
177
172
10
67
72
54
33
102
5
155
122
126
89
132
2
148
2
179
31
139
126
142
155
46
126
109
70
134
155
80
94
61
41
54
41
111
109
9
134
35
31
134
181
75
75
24
93
60
96
80
68
94
44
103
12
134
170
138
12
120
91
70
146
38
131
172
41
61
95
49
114
142
61
171
12
150
49
176
5
116
139
31
126
162
138
150
96
126
7
65
96
70
138
23
5
125
134
149
0
55
177
176
24
86
173
48
176
170
94
74
176
159
91
126
165
170
61
39
103
126
15
134
134
179
25
69
57
67
9
25
96
100
70
134
126
181
173
126
31
76
95
150
138
126
50
181
170
9
12
101
86
173
99
79
177
149
138
48
74
95
172
2
170
5
9
161
61
50
5
15
62
23
56
45
91
99
75
73
54
83
179
51
181
159
54
180
24
75
41
31
175
150
109
1
12
119
55
144
33
75
80
94
180
14
35
178
118
63
173
178
9
119
177
172
156
17
126
99
48
73
126
5
51
102
109
152
153
68
107
41
21
100
21
42
80
121
41
179
143
46
176
17
133
40
80
103
144
88
85
117
104
43
3
41
23
33
150
86
72
142
33
48
95
49
11
45
31
126
103
155
109
62
