8
35
97
49
159
150
147
143
60
178
17
146
15
178
87
180
68
24
83
17
97
75
15
6
17
21
172
19
95
6
149
150
114
23
92
149
99
8
179
15
15
142
97
150
179
130
89
89
95
45
2
146
182
115
88
15
17
95
159
31
114
25
93
177
88
126
34
121
41
95
157
63
105
114
103
31
81
165
51
5
99
17
87
174
166
24
131
165
96
95
100
146
171
45
169
26
90
94
60
114
21
13
148
172
82
72
171
8
121
14
114
10
98
162
133
127
159
46
22
91
9
9
79
165
68
54
127
44
116
41
32
44
41
61
25
146
40
1
94
24
34
122
143
46
169
104
60
115
80
1
111
21
1
36
7
74
133
157
128
133
35
175
19
142
17
73
61
100
100
137
49
111
150
128
13
25
74
74
106
11
41
172
164
35
182
159
35
171
95
171
134
127
106
54
96
76
33
82
89
123
50
134
68
41
62
17
94
169
77
15
2
102
60
124
17
41
41
134
22
136
48
126
151
73
2
128
70
110
114
167
54
127
151
108
108
1
123
141
18
6
92
81
76
133
97
76
142
78
25
13
91
127
6
86
16
33
17
17
26
134
137
15
33
31
81
77
3
69
91
20
41
118
66
60
126
83
134
31
96
51
61
91
66
127
26
114
69
177
177
44
14
54
100
15
86
86
140
74
167
127
81
76
85
128
146
76
25
159
27
28
10
73
41
94
95
129
179
128
17
11
167
81
74
73
19
49
97
42
104
57
119
127
104
112
179
106
126
20
78
146
78
96
48
5
134
177
172
176
136
38
34
51
114
48
102
179
41
150
32
58
92
106
109
179
103
100
151
24
173
25
41
84
99
44
130
75
150
22
41
48
161
93
26
35
7
115
62
32
25
139
41
31
35
38
134
95
108
83
24
127
41
114
33
84
103
103
146
28
151
134
127
80
67
107
100
39
78
61
181
41
61
45
69
19
25
79
49
97
157
39
52
76
159
168
16
156
130
176
165
64
93
113
176
179
105
49
114
27
142
76
166
95
168
75
182
18
33
128
160
152
84
75
66
100
107
38
57
178
149
20
41
178
73
171
114
128
3
127
148
2
70
92
118
25
133
155
114
113
43
147
16
83
25
36
123
5
107
77
100
135
142
126
72
169
48
110
142
127
152
167
168
51
12
104
5
45
159
104
75
81
125
127
49
165
129
177
107
41
50
134
131
73
17
75
50
176
