171
165
174
100
15
107
166
91
165
54
96
25
107
33
21
79
14
170
130
174
174
12
25
91
165
130
108
108
5
5
103
38
144
131
25
107
38
99
59
131
83
142
107
107
92
144
182
100
57
70
144
127
34
5
12
84
134
134
46
134
114
134
103
134
12
70
103
47
176
107
53
38
107
155
120
45
145
104
90
61
14
91
5
116
43
13
134
52
60
45
64
2
15
93
159
159
96
161
140
142
132
61
133
112
85
10
76
119
24
134
140
134
61
129
70
141
91
171
34
89
34
11
13
84
122
5
96
1
159
170
49
144
137
171
81
142
15
59
145
129
57
132
6
16
129
141
59
103
48
129
85
41
38
70
57
76
95
44
70
140
55
60
84
59
151
94
18
40
17
9
59
68
131
11
132
19
92
131
60
50
125
84
85
85
101
133
80
94
85
56
19
57
2
66
65
76
104
15
162
91
57
53
150
33
57
132
41
75
152
34
17
102
61
132
177
72
49
124
103
6
95
31
41
47
54
73
53
145
69
135
24
101
93
124
72
75
24
83
70
39
132
132
84
133
93
102
144
96
40
132
68
56
11
57
47
38
38
88
65
110
141
64
5
82
179
126
23
132
132
92
110
102
125
1
57
64
80
182
59
95
73
49
38
85
103
182
115
107
131
70
177
115
24
88
88
92
42
57
59
166
94
92
89
156
49
56
15
95
132
128
64
85
101
41
167
61
144
92
5
132
33
149
149
84
85
5
57
57
73
84
131
133
113
107
81
108
129
144
90
59
93
174
61
91
135
13
39
135
131
15
117
123
33
55
51
150
64
85
88
150
34
34
61
107
136
56
149
84
45
35
96
96
152
134
32
144
180
123
167
166
160
6
112
3
155
161
13
181
84
10
76
108
81
99
25
82
125
3
87
101
84
20
15
135
88
95
56
18
179
95
150
49
61
12
162
94
132
140
76
120
134
19
161
161
122
59
28
84
34
76
141
85
55
142
79
168
144
31
175
107
58
104
57
147
168
129
61
85
19
168
5
40
134
162
70
59
69
147
135
53
62
49
137
141
8
115
49
125
9
155
85
15
126
126
167
149
90
95
165
135
136
70
48
50
99
8
73
70
127
90
57
90
67
31
52
67
109
178
