77
113
68
11
34
158
149
51
65
7
122
21
22
48
21
72
78
116
1
172
31
136
87
115
24
173
93
121
12
81
111
55
140
12
51
177
62
109
104
70
76
97
114
138
133
41
121
34
119
137
65
173
15
129
131
57
109
131
165
51
40
48
182
130
97
70
91
93
76
83
137
134
68
31
134
89
129
131
39
134
159
106
150
140
15
45
120
97
22
12
5
67
102
53
165
76
109
40
1
60
134
68
57
70
57
150
34
179
5
68
102
61
28
51
38
41
134
14
40
82
57
139
179
9
170
51
69
9
0
20
70
104
95
0
100
83
109
109
46
45
116
18
76
103
131
55
12
147
112
85
44
136
170
149
53
99
97
146
110
181
155
140
143
116
41
69
52
60
114
12
6
167
131
12
81
53
57
94
85
46
12
173
140
104
85
145
141
82
82
75
58
69
171
121
100
90
140
39
10
147
169
174
56
27
69
134
142
131
114
128
120
132
89
38
74
91
170
57
7
104
149
82
123
12
155
65
35
10
49
73
101
39
150
74
103
31
76
114
151
73
125
62
64
57
6
85
151
90
105
80
101
76
97
88
48
131
149
151
88
57
94
24
94
73
108
108
76
167
149
117
146
181
82
3
20
104
58
62
38
48
126
31
12
82
93
111
134
17
120
53
54
41
141
24
41
129
89
12
80
35
47
29
26
139
171
171
151
113
31
17
48
41
13
70
110
14
149
31
140
108
31
92
177
126
5
126
41
53
109
46
130
57
62
76
60
107
56
137
52
50
39
124
100
156
156
53
61
134
129
86
59
149
149
