95
158
72
76
107
167
143
182
181
104
59
52
41
35
158
79
132
93
35
86
31
67
162
30
53
83
24
140
128
133
141
19
182
140
104
35
97
130
158
136
70
105
93
93
105
121
59
56
114
128
144
15
64
46
24
24
172
97
176
165
61
131
149
124
128
128
131
165
165
127
26
180
34
12
177
137
54
10
67
144
132
8
130
45
45
71
164
177
116
60
113
181
115
158
97
144
138
39
172
165
87
136
41
100
149
62
66
81
12
12
117
58
171
177
12
173
12
80
171
57
134
12
103
115
82
75
53
61
170
91
95
34
141
91
27
155
157
30
58
134
63
67
129
126
65
121
67
76
90
35
58
9
89
115
12
76
59
123
5
141
89
39
91
141
60
147
137
117
148
16
120
49
64
11
85
165
115
165
170
1
85
109
54
1
99
95
34
97
114
79
11
129
141
18
48
25
34
175
91
131
8
116
136
14
120
17
5
53
53
178
97
45
97
19
31
124
69
157
65
96
165
134
91
2
134
91
131
137
172
139
78
60
77
145
114
79
99
140
120
57
148
140
87
91
26
61
131
178
20
97
18
141
64
15
36
148
162
1
73
17
120
172
134
137
25
91
11
166
134
82
131
41
41
95
178
117
93
60
17
62
18
95
10
152
62
106
64
103
57
164
137
44
164
108
68
82
40
96
72
146
95
19
170
119
93
116
49
16
38
39
2
144
31
87
95
116
72
86
120
121
53
81
141
134
134
75
33
76
127
53
67
41
108
134
166
3
75
129
148
104
19
60
41
105
93
151
75
178
105
115
20
127
97
75
17
134
2
56
17
144
142
139
2
41
11
172
83
155
157
20
19
143
95
104
140
123
76
152
57
15
128
78
78
164
164
2
130
128
146
173
69
7
132
96
132
74
12
159
134
120
90
29
134
72
159
57
112
178
0
172
67
144
67
14
18
