42
100
177
116
119
44
94
10
11
39
15
15
51
55
9
23
40
3
7
16
170
142
22
68
41
165
124
150
123
8
145
70
10
22
11
19
77
48
23
6
132
7
7
25
134
126
162
23
80
69
114
51
100
171
49
49
130
92
151
29
76
0
95
78
146
39
68
114
14
32
50
15
100
11
23
8
131
48
80
108
75
123
134
49
72
181
11
102
17
126
11
39
68
61
126
6
52
56
10
76
25
114
83
31
60
119
25
110
60
126
99
80
41
5
82
24
111
13
139
109
108
115
26
109
108
2
129
70
2
2
11
25
148
2
85
130
25
63
76
41
31
5
60
126
36
145
132
2
113
108
145
5
39
44
180
116
126
123
0
93
2
75
116
150
111
12
21
20
72
166
22
49
49
131
132
41
116
105
171
131
90
126
181
15
137
150
31
17
114
134
134
99
31
60
89
114
114
79
111
31
57
84
59
112
25
125
107
106
61
31
100
31
145
55
56
50
25
117
28
59
29
2
118
108
109
35
126
117
46
46
36
41
80
76
130
11
97
88
2
38
132
31
67
20
104
149
114
41
126
20
31
5
25
127
34
80
173
19
31
11
74
113
73
15
6
11
34
95
4
68
179
83
25
25
99
95
19
131
10
134
131
115
49
3
88
32
34
121
41
17
31
17
11
166
109
109
72
94
11
6
111
81
145
25
41
18
63
80
130
111
3
110
109
68
76
72
96
41
122
11
96
25
86
138
60
20
2
127
54
115
145
167
11
101
70
109
135
47
17
40
114
108
141
143
46
130
166
36
56
11
116
31
148
61
114
51
55
32
117
109
139
41
24
17
46
