3
179
41
40
75
91
141
39
46
11
61
34
45
8
41
135
91
59
170
119
131
116
169
150
134
101
57
46
165
145
134
173
41
48
100
59
28
52
101
57
148
5
177
91
137
100
170
41
132
29
31
134
108
5
132
112
180
108
179
46
10
41
110
68
67
67
31
101
45
134
145
8
132
91
135
72
60
24
94
74
60
41
164
46
177
109
127
44
11
145
31
74
109
53
95
135
141
112
10
146
31
141
127
134
145
131
12
108
27
145
31
120
171
69
25
116
2
120
137
137
112
111
39
57
36
68
114
11
11
36
136
156
172
90
47
95
180
114
3
41
75
34
178
134
99
30
149
46
