131
75
131
180
137
138
83
31
120
174
58
31
94
44
131
87
44
99
5
36
41
24
11
94
133
75
88
109
131
176
24
48
108
137
121
123
114
137
31
131
5
131
88
120
110
88
72
57
139
49
31
11
122
61
24
56
39
57
88
22
50
5
50
138
66
109
120
124
21
119
96
105
22
120
88
114
178
88
22
96
46
96
23
11
39
106
161
88
48
40
119
20
144
109
5
31
119
106
146
88
96
48
57
2
11
75
88
41
137
114
51
173
49
114
22
39
79
63
63
53
181
68
83
123
41
121
36
116
39
12
113
128
155
119
109
5
46
120
24
119
159
22
41
46
11
165
21
96
52
63
123
133
68
128
133
88
119
19
133
5
1
55
134
179
169
131
133
95
31
88
94
61
120
65
134
116
31
49
120
150
23
137
24
11
134
91
131
31
40
170
51
114
106
17
1
175
123
75
89
108
162
155
20
134
115
31
61
120
54
179
126
95
72
108
5
119
25
30
149
166
25
125
100
0
10
103
155
155
10
108
156
119
31
11
106
115
116
109
