173
27
114
49
117
72
155
54
24
148
20
114
49
116
74
89
69
75
75
144
34
121
69
5
7
45
53
95
155
81
12
108
40
31
142
15
101
75
159
149
81
20
19
39
159
181
15
95
45
76
146
34
87
72
19
166
173
94
133
128
159
76
41
170
117
168
10
34
181
31
105
43
61
95
15
84
141
109
31
33
11
68
171
126
54
1
74
147
25
145
39
135
3
49
179
162
124
181
179
72
61
67
24
96
47
145
53
44
17
172
72
136
36
62
108
53
109
62
151
100
10
68
80
22
60
104
12
11
31
41
31
106
179
53
92
145
18
60
36
61
29
95
157
157
150
77
50
128
44
51
68
22
145
145
55
77
174
58
92
134
114
1
73
68
125
51
18
133
141
99
31
22
5
130
31
31
61
31
75
135
159
101
134
177
59
119
83
100
81
79
173
76
67
6
130
106
141
68
121
134
25
123
101
149
107
64
3
22
92
136
138
0
41
12
109
92
19
114
72
108
138
100
145
67
109
134
131
141
135
95
181
99
36
19
174
52
134
99
20
46
0
53
19
41
138
19
56
36
58
132
25
46
125
134
49
77
80
51
41
17
73
148
104
31
175
179
80
80
76
151
56
146
35
35
53
14
17
91
31
132
110
107
161
89
31
82
0
0
113
162
92
48
7
61
151
10
45
25
77
58
96
44
83
135
44
19
39
5
91
121
27
95
149
81
94
177
12
132
120
96
5
145
41
113
73
129
74
21
53
120
131
6
36
109
107
135
118
73
15
49
138
23
111
132
12
12
76
109
132
25
92
0
53
17
127
107
159
26
40
49
73
111
21
12
107
135
137
96
12
53
13
145
61
126
53
41
74
