141
173
72
100
3
128
69
58
53
83
141
20
140
19
173
100
69
47
170
53
61
83
11
21
74
74
170
9
41
149
81
41
126
69
11
61
11
74
131
171
112
74
74
75
74
170
9
134
69
94
67
41
67
41
134
47
9
179
127
126
45
61
74
67
137
41
34
132
131
137
75
24
47
31
131
144
83
26
134
172
61
43
74
55
132
41
172
110
94
24
169
119
108
137
171
155
2
131
88
56
56
102
131
15
144
59
43
49
128
128
41
80
18
83
99
72
23
110
11
116
137
91
121
94
24
94
15
11
141
45
134
41
134
41
82
94
137
24
94
12
61
138
134
91
131
84
19
103
12
125
104
121
98
12
145
41
83
44
109
92
54
11
137
57
52
134
151
86
125
173
105
92
175
128
45
148
179
48
124
83
99
104
12
10
96
179
1
92
166
12
34
114
120
52
46
62
1
175
137
41
115
180
31
133
38
135
77
124
11
120
34
48
158
24
1
99
132
131
42
137
81
162
31
137
131
141
29
172
61
134
92
41
31
141
179
81
135
81
135
24
141
86
67
42
47
31
178
151
132
97
129
41
31
76
133
99
89
45
54
49
133
124
135
103
171
41
53
