24
10
131
31
10
24
75
38
31
75
109
39
11
83
121
34
36
63
116
116
10
112
177
121
64
83
24
124
89
97
36
134
5
52
148
137
47
83
41
91
137
112
31
24
137
132
89
34
24
47
47
134
109
91
36
92
42
131
39
24
92
131
83
11
83
11
103
145
67
83
109
116
11
9
83
10
116
109
31
31
145
145
109
132
94
137
58
6
92
145
29
131
131
151
151
105
142
75
14
134
140
56
34
92
24
11
94
54
106
44
135
166
25
41
24
91
124
83
137
145
151
50
119
41
31
109
63
149
146
109
132
145
31
111
47
34
47
81
166
145
142
17
83
17
151
111
90
143
41
41
91
131
132
31
29
16
145
132
14
104
39
121
94
33
120
6
116
111
151
134
47
134
131
25
62
47
133
57
2
64
123
127
107
123
134
53
5
96
30
23
83
103
84
75
36
53
83
12
90
