99
9
58
89
70
180
173
9
70
119
8
8
133
68
69
44
72
95
157
44
23
170
46
82
69
178
44
18
97
54
171
102
100
145
103
81
20
67
40
137
44
69
102
82
69
69
40
178
124
31
83
24
100
31
61
61
181
18
86
92
41
171
132
139
114
61
40
119
97
49
41
179
41
61
61
95
31
75
39
124
66
70
38
97
137
31
60
28
131
57
95
114
172
131
61
61
109
117
41
110
2
112
116
14
19
38
91
110
149
161
24
134
41
134
179
13
107
124
33
10
60
131
36
41
116
27
114
59
31
145
131
114
35
43
78
17
102
178
10
80
100
179
126
41
24
125
134
40
57
122
131
31
36
46
173
134
58
35
19
118
135
75
134
33
3
56
140
134
3
43
102
164
114
150
31
120
41
19
92
144
82
41
179
104
31
132
55
2
31
2
75
31
21
131
18
92
112
76
108
44
40
53
99
52
7
177
85
182
81
97
49
43
64
181
35
25
53
68
103
76
7
57
72
47
92
182
134
113
60
142
70
2
56
140
60
28
135
81
31
106
109
76
44
172
104
83
109
109
145
54
40
108
75
11
18
100
16
105
41
125
36
45
145
44
43
101
53
39
2
137
120
134
25
109
24
41
149
36
36
6
29
118
58
3
36
34
41
82
134
109
82
60
45
145
41
49
97
128
151
135
107
124
54
107
166
