15
76
59
40
35
3
134
39
57
52
134
134
31
39
137
51
20
131
15
24
31
140
137
27
102
131
81
62
85
120
92
24
83
56
35
89
60
47
60
96
24
120
118
110
113
131
0
131
90
9
108
61
94
111
16
49
166
157
110
57
110
44
82
24
64
179
85
101
134
134
175
57
68
110
125
57
123
83
30
82
2
31
132
34
60
82
25
141
41
149
94
114
114
72
56
108
99
173
62
74
83
24
89
177
151
164
69
65
162
51
59
90
90
8
70
61
127
137
166
107
152
182
134
134
41
83
166
135
81
155
81
92
135
41
61
100
84
149
108
91
74
58
24
69
34
110
53
139
144
56
35
56
35
82
135
165
174
41
81
85
49
145
157
53
149
57
52
130
98
57
134
99
