67
27
7
75
134
10
77
46
96
20
78
169
26
138
109
109
27
81
159
49
96
21
5
134
83
136
93
75
39
117
58
87
158
93
20
169
87
102
168
58
138
109
180
96
97
35
15
97
165
44
106
20
145
47
111
5
40
106
44
54
27
10
36
0
103
137
119
115
119
61
173
24
36
99
106
115
8
11
10
86
54
106
38
40
69
22
159
16
88
109
68
126
5
169
129
124
50
6
19
179
134
96
5
134
134
133
134
29
176
121
34
119
10
170
158
134
134
134
96
5
151
48
40
48
106
115
1
5
80
99
173
151
9
49
134
134
76
86
23
88
134
159
9
60
164
3
19
78
66
70
104
111
5
53
46
151
151
6
179
176
176
165
165
5
149
81
132
42
92
125
35
129
109
127
35
114
78
146
60
77
142
142
134
19
100
131
102
127
127
74
182
44
44
17
89
110
145
100
108
69
171
179
165
132
42
9
9
38
41
3
179
166
82
44
159
69
179
179
44
69
76
23
159
17
48
40
44
97
150
170
106
179
173
100
9
7
110
173
58
58
173
69
44
58
173
102
69
177
9
159
181
82
61
173
50
177
128
133
38
38
127
126
74
48
151
168
174
95
58
74
45
176
26
145
125
145
33
15
38
134
168
113
35
73
146
146
146
146
146
165
176
176
176
176
165
81
164
125
167
42
126
122
62
178
59
34
150
86
86
60
19
97
17
