44
166
136
79
135
135
101
116
149
81
116
44
75
142
42
182
135
60
38
93
54
159
159
158
15
20
85
15
20
29
112
14
70
155
69
33
43
15
95
16
20
45
53
86
11
58
53
150
34
42
143
42
164
18
180
44
69
133
157
129
27
147
14
31
178
152
160
143
104
69
172
147
145
141
45
12
49
61
16
143
176
112
125
125
68
141
152
175
117
66
61
99
142
74
69
122
158
161
142
178
42
33
29
149
74
16
26
8
95
76
49
1
152
90
150
12
77
110
87
155
149
94
152
58
167
98
72
161
177
180
178
172
58
32
134
132
132
137
120
167
133
134
134
134
134
75
111
156
147
144
20
95
171
61
82
78
132
164
69
44
159
38
30
81
72
10
3
179
134
182
145
95
118
167
182
32
32
92
55
134
114
17
38
73
81
53
101
26
72
135
150
118
152
58
167
167
87
92
19
26
26
65
134
54
91
69
28
72
31
31
107
24
107
149
92
148
144
29
92
147
45
145
137
169
121
41
61
47
3
117
26
76
20
88
167
134
69
41
145
132
67
54
95
65
130
26
34
92
46
42
92
93
76
18
134
96
130
152
58
134
80
45
92
81
11
41
33
137
73
128
65
149
134
117
49
102
107
155
97
18
80
14
149
107
28
33
134
134
72
33
78
60
98
53
