61
128
72
50
95
111
61
155
3
140
147
41
121
128
31
61
114
34
41
89
120
100
173
20
89
103
101
140
10
166
89
82
110
40
92
114
137
11
89
181
34
76
139
11
82
119
117
100
24
145
97
17
33
84
16
49
170
54
12
150
42
49
99
3
155
76
7
27
31
171
145
99
95
81
135
179
172
85
52
56
115
94
24
132
67
72
134
59
120
81
64
41
44
96
126
95
31
99
83
144
104
150
138
46
173
144
96
170
5
106
119
99
181
61
149
128
17
111
143
99
81
61
94
133
95
132
57
95
149
14
59
12
131
126
126
111
56
116
76
138
106
142
74
70
31
110
31
112
132
16
134
126
122
41
62
133
128
145
85
61
143
56
53
99
131
31
114
49
127
134
14
42
143
81
162
116
150
31
61
121
139
139
150
62
102
49
31
68
77
39
11
99
131
11
137
87
41
17
6
89
73
15
142
168
68
109
138
53
109
39
149
134
95
132
134
12
137
39
82
81
159
164
20
67
20
145
41
132
91
83
71
19
41
131
2
92
21
145
5
181
114
135
166
95
132
107
138
57
15
63
104
110
7
40
29
45
135
59
107
36
159
98
80
86
74
145
142
61
61
116
126
29
114
107
18
157
99
150
28
51
99
134
107
92
31
17
128
36
85
120
59
148
82
103
74
51
61
172
11
12
74
131
18
145
132
145
128
113
140
131
76
108
96
141
125
127
61
95
52
181
126
31
109
31
95
28
49
36
181
126
134
134
145
95
76
125
85
51
0
100
18
134
56
74
56
11
40
43
61
132
126
74
134
109
39
30
75
151
133
85
145
2
123
100
2
57
31
55
100
68
82
109
25
118
110
65
155
17
126
36
31
127
27
1
145
22
88
132
96
89
29
11
19
56
57
53
1
87
142
135
74
96
138
82
113
132
134
100
175
95
41
