138
173
180
87
83
21
67
16
44
75
24
91
11
151
151
65
167
41
34
13
169
104
67
53
145
58
151
114
142
10
151
134
113
70
34
150
34
150
133
162
166
70
173
10
96
179
15
113
128
103
102
15
8
126
109
101
38
121
41
91
41
83
134
30
180
130
175
91
140
83
99
41
5
83
1
1
155
30
180
103
131
95
87
91
52
144
59
45
85
128
41
134
88
144
124
148
77
45
19
149
57
60
173
11
108
41
120
20
20
35
75
134
134
137
121
41
170
177
145
134
11
2
84
18
34
121
141
116
61
67
51
150
119
75
90
63
109
61
140
130
88
69
44
94
100
146
81
12
126
126
170
1
162
152
160
67
45
45
87
117
44
69
