35
50
68
170
109
40
165
171
41
155
22
17
40
175
83
23
114
57
131
32
116
41
23
57
5
31
132
144
134
80
19
11
41
131
171
57
73
80
112
181
61
75
31
92
133
49
104
61
132
96
132
170
179
49
75
122
9
16
106
99
57
33
29
96
18
112
82
19
70
168
134
49
133
112
140
58
94
73
31
104
108
41
61
76
77
122
85
24
112
41
12
92
41
76
96
36
132
61
63
145
31
88
179
179
95
85
122
51
10
172
9
96
36
31
95
139
100
139
83
132
114
61
97
49
108
122
133
15
15
100
57
80
99
181
44
112
95
43
68
22
134
41
120
132
61
134
166
131
57
61
14
131
132
10
147
109
45
137
145
110
128
179
61
91
108
25
145
128
59
125
94
110
141
105
0
0
14
110
113
41
51
74
25
6
132
111
99
53
132
130
109
145
92
89
151
151
132
62
123
181
35
92
