43
159
116
41
25
52
126
116
126
8
12
159
126
174
79
83
57
56
59
61
8
45
150
51
134
137
99
83
52
121
11
8
80
11
61
134
171
125
41
171
166
57
112
47
113
7
52
108
148
162
96
106
170
106
170
126
174
134
138
5
86
19
70
144
3
56
15
2
72
170
106
5
99
44
45
180
177
112
119
11
41
90
106
119
131
91
91
19
44
2
57
1
158
96
5
99
17
14
148
150
140
140
96
116
150
116
54
22
41
59
68
79
165
131
70
110
72
119
103
104
22
20
2
57
157
99
147
48
71
181
153
40
108
140
29
140
60
152
10
171
91
146
131
16
169
81
61
11
95
23
100
41
60
12
120
51
97
140
19
122
80
75
61
103
116
146
142
57
3
61
67
67
19
26
96
147
28
106
159
0
84
159
99
144
95
131
57
59
148
90
156
74
41
41
86
7
72
12
172
41
49
41
138
161
47
156
83
120
112
160
64
141
41
89
68
91
61
59
142
6
134
134
88
74
58
79
34
30
103
41
162
60
74
96
42
3
74
44
101
100
52
149
81
77
106
73
128
73
134
60
134
166
107
101
36
131
53
41
85
144
5
96
110
101
110
115
129
174
149
127
54
78
23
181
40
149
120
147
33
36
99
98
78
128
2
96
78
97
110
1
57
131
92
103
90
57
133
158
156
128
54
178
99
56
181
146
161
103
1
84
49
38
145
77
97
70
61
114
59
2
178
133
109
170
107
166
83
28
20
133
106
140
118
179
93
95
134
97
56
6
15
134
128
107
166
31
174
11
106
5
101
144
85
33
60
24
178
48
30
64
151
146
31
50
99
148
61
96
26
41
12
72
26
81
25
88
82
72
173
145
109
41
81
21
173
17
19
105
158
117
2
90
81
156
159
26
158
97
70
131
31
2
14
120
76
51
168
15
54
128
130
117
24
134
153
156
138
23
133
41
75
6
3
56
56
17
52
148
109
74
32
15
140
148
151
110
82
174
142
112
2
129
106
121
6
161
90
7
126
129
99
43
181
