107
44
179
26
95
93
171
69
44
12
8
178
41
86
175
34
44
39
138
141
68
44
31
44
170
75
68
44
69
44
12
86
20
54
179
18
101
43
31
41
52
40
165
11
92
138
69
11
44
69
7
59
44
69
11
164
164
72
108
131
10
86
30
73
43
106
40
162
171
86
17
39
40
60
60
162
109
57
15
44
70
20
170
80
31
72
16
96
88
179
60
48
62
125
69
32
153
130
171
24
108
99
108
179
173
16
77
135
31
107
166
31
145
119
31
170
170
44
171
120
2
60
31
138
41
119
88
137
104
41
80
31
119
81
164
25
44
109
119
130
50
122
5
48
181
108
170
155
108
103
44
69
109
48
130
23
44
69
45
41
106
10
50
99
108
44
24
127
109
24
94
124
44
69
24
130
127
142
126
109
72
99
38
90
129
72
109
31
70
54
134
6
10
128
99
2
11
114
73
40
53
49
17
40
112
91
61
2
75
22
77
106
70
73
128
181
96
74
106
109
99
40
81
166
96
50
179
80
88
126
108
88
73
109
108
46
72
83
48
106
11
109
108
44
69
11
109
149
41
146
66
25
89
109
109
1
140
106
115
109
69
44
40
109
99
49
17
7
41
104
70
112
109
11
47
146
49
11
44
67
25
109
178
19
41
127
60
172
137
39
100
137
39
46
181
55
6
69
44
109
44
69
108
108
57
57
5
11
3
127
172
109
106
112
73
157
73
39
36
53
99
91
157
18
93
107
134
126
134
142
7
149
2
166
166
135
74
39
40
8
53
5
100
144
80
128
141
91
1
40
128
140
97
38
39
114
25
49
151
146
