80
122
35
28
35
10
15
77
51
116
72
116
110
147
91
39
172
53
134
91
59
19
18
18
48
109
112
102
45
6
91
136
21
21
119
11
68
148
17
121
116
51
180
86
19
104
18
101
15
59
85
103
103
3
45
51
137
122
36
158
31
6
53
91
18
22
41
131
131
24
61
113
146
3
24
25
96
106
2
60
29
36
54
1
11
16
16
30
22
173
182
85
91
44
59
11
148
128
45
63
6
125
41
99
25
15
68
25
41
25
100
12
5
50
134
17
121
34
73
49
73
134
41
25
35
131
24
75
61
11
134
39
25
137
41
85
44
49
16
77
128
49
116
113
11
31
156
91
114
159
134
41
124
31
100
24
123
10
134
69
41
17
2
102
34
92
30
29
162
95
85
137
15
25
41
41
158
95
108
171
31
36
41
181
45
44
89
142
111
23
61
7
110
88
72
162
31
35
58
65
