83
23
178
10
54
161
178
83
72
38
44
46
135
176
177
144
83
138
137
54
24
108
36
51
121
36
98
92
9
119
171
45
13
140
51
99
179
106
48
77
67
94
44
157
109
36
51
24
83
131
97
79
28
10
73
54
34
68
172
138
94
44
69
155
137
158
94
51
131
79
24
83
125
24
30
21
162
95
29
99
48
83
10
61
149
23
108
171
47
24
133
67
133
138
45
162
161
47
145
107
181
111
118
42
77
109
19
180
110
70
148
10
7
107
94
13
145
11
95
140
60
133
29
59
152
132
108
36
111
131
73
140
104
90
45
65
113
111
111
110
70
82
128
113
53
161
82
70
3
167
132
20
48
26
63
63
29
145
111
15
132
43
62
25
85
165
110
111
150
51
102
127
77
59
105
6
145
96
176
103
103
137
126
131
180
41
149
7
89
121
128
171
17
0
41
135
98
19
131
69
44
95
34
109
116
182
174
150
29
134
41
25
49
15
15
53
176
176
176
127
63
131
149
41
141
53
146
38
133
45
73
2
57
111
17
134
65
134
77
51
87
29
131
17
16
54
79
30
68
27
25
25
76
126
135
65
134
0
107
81
77
132
111
110
77
147
108
137
172
96
41
131
145
49
126
72
76
110
44
81
162
90
83
151
132
120
15
103
61
27
111
141
141
162
147
93
161
147
166
121
1
15
104
53
102
131
95
177
21
38
78
57
134
54
87
111
138
91
74
79
131
140
24
91
57
46
162
24
131
100
75
46
15
175
157
133
92
33
121
97
97
32
85
111
39
180
105
12
151
121
125
102
135
18
149
19
17
77
64
76
12
93
107
141
15
144
107
85
31
15
33
45
11
12
147
109
126
137
62
