82
70
65
152
62
157
33
123
61
28
70
60
56
49
133
114
182
26
26
175
59
128
70
43
103
98
149
182
64
76
149
43
144
62
173
101
103
70
173
173
178
64
178
66
136
110
168
7
139
103
142
35
7
169
157
178
119
100
18
91
127
170
58
45
42
173
93
180
136
79
107
70
101
127
158
28
27
76
29
103
132
157
158
78
144
70
66
52
72
1
176
20
96
69
86
86
89
182
134
110
46
96
150
15
51
61
89
134
134
112
131
57
103
134
89
81
42
54
130
28
134
157
150
136
170
180
171
103
47
8
148
164
76
122
56
135
134
110
131
91
164
164
34
89
54
121
134
45
165
34
134
16
73
133
8
144
79
18
97
157
44
43
132
0
94
70
75
24
102
57
65
142
57
44
181
58
73
150
51
79
62
100
144
33
84
15
12
44
95
88
103
114
2
91
139
126
171
28
123
45
20
57
22
176
172
180
100
128
72
6
12
164
164
86
50
175
144
168
121
54
122
141
18
171
13
31
132
132
39
99
157
58
173
176
165
24
45
18
101
136
40
93
81
93
82
171
132
6
45
132
103
34
112
56
21
50
135
172
99
108
61
14
123
92
104
34
132
103
130
41
101
148
58
6
92
114
132
11
134
101
101
50
134
18
122
132
104
140
11
173
18
110
132
42
157
178
82
24
174
155
74
75
82
82
173
14
121
56
86
47
44
176
165
166
125
108
74
148
91
46
119
166
144
70
134
103
84
93
30
61
160
132
146
8
83
170
181
76
41
118
22
166
126
75
75
9
165
64
61
41
167
103
23
