46
62
132
98
159
10
100
47
94
10
131
136
60
132
12
138
123
132
29
61
136
132
96
137
120
95
81
55
112
10
172
127
95
145
108
31
131
79
131
121
67
91
41
72
88
97
47
120
132
161
162
42
134
31
132
138
31
109
121
19
61
108
96
112
175
138
107
106
108
81
94
47
24
94
14
48
48
39
109
47
48
134
174
67
131
165
171
56
86
99
172
75
158
77
94
58
182
65
14
120
63
24
75
83
133
5
23
47
48
170
150
5
82
30
109
149
81
61
47
172
104
170
146
63
131
138
109
45
30
119
119
164
31
91
83
78
131
133
18
14
134
47
92
83
95
86
75
18
141
11
106
49
133
11
41
12
47
53
21
31
121
83
62
56
126
100
109
67
31
167
98
1
120
106
5
80
140
94
90
69
55
75
20
160
168
81
90
36
131
133
140
137
106
61
133
73
