150
45
57
56
24
24
70
106
119
97
100
49
53
69
44
31
143
11
88
31
31
7
58
62
31
76
53
50
170
120
9
169
150
69
44
74
169
116
124
12
41
76
78
75
79
127
12
72
171
41
84
41
100
2
165
9
170
119
9
116
135
116
12
77
48
48
62
147
94
12
137
44
137
171
39
150
132
41
41
105
95
77
27
83
127
30
48
99
12
91
30
115
27
80
170
74
5
41
41
96
155
106
48
41
41
96
131
58
69
70
27
41
48
86
15
116
83
41
90
109
60
112
102
8
110
112
51
14
120
76
41
61
70
92
61
41
5
49
114
148
100
115
83
131
141
109
133
90
41
99
41
171
1
19
41
11
135
120
31
21
41
96
24
75
157
53
112
61
5
62
35
41
67
82
94
41
41
124
27
3
134
131
134
121
148
57
11
90
57
134
111
61
131
137
86
31
59
132
150
41
98
10
48
73
67
119
86
11
173
173
87
22
38
109
72
31
128
130
179
124
145
158
69
31
133
146
49
23
31
134
31
