159
129
95
63
34
120
15
14
120
89
150
64
120
58
95
138
121
14
100
58
150
86
96
119
5
68
158
55
146
73
41
85
45
116
14
147
156
52
104
77
36
41
161
116
136
22
117
117
95
92
171
51
45
144
120
41
41
102
103
117
63
95
182
10
133
171
126
43
38
13
35
104
49
73
152
80
176
104
56
57
150
51
67
107
81
22
152
120
69
58
98
89
119
171
120
72
11
172
14
46
129
147
136
136
106
99
147
117
41
67
119
33
112
73
117
124
70
58
182
115
89
78
33
82
107
119
119
5
22
61
50
16
81
135
58
22
23
138
121
41
66
77
23
147
103
122
156
134
48
159
69
58
55
125
81
135
32
133
33
52
168
156
51
123
60
120
40
98
78
133
15
35
114
162
170
134
182
34
134
114
10
33
156
32
72
80
40
72
72
41
40
49
102
144
11
161
142
161
118
22
13
106
58
94
167
96
7
118
110
47
32
78
78
114
1
135
102
8
48
99
78
58
176
81
70
60
155
88
82
107
41
128
89
124
167
31
10
74
77
69
62
51
41
168
117
9
15
105
11
133
178
180
133
146
100
136
24
167
21
8
129
48
41
100
100
156
179
80
43
58
136
118
179
179
22
35
159
137
128
136
134
28
146
109
166
156
49
26
146
169
141
18
100
48
81
149
3
50
64
133
128
48
40
109
170
46
50
161
167
156
98
118
118
46
61
67
167
82
69
106
14
104
128
89
89
180
159
95
146
82
88
182
38
51
169
151
76
60
147
174
178
178
94
72
162
149
81
73
104
46
68
181
25
178
103
3
96
101
15
180
23
117
142
9
73
171
49
134
102
1
129
24
122
96
147
156
111
165
133
28
73
119
82
69
95
5
46
81
105
128
51
123
142
28
128
98
177
96
129
107
73
119
142
139
117
117
129
138
142
108
64
103
96
119
61
95
87
165
21
175
114
97
77
117
0
162
40
119
22
164
27
155
59
165
35
99
7
121
66
123
137
95
66
61
46
103
36
73
167
178
167
72
128
111
113
152
43
128
132
159
35
68
77
147
77
129
58
11
159
128
172
26
69
45
96
