68
38
110
171
121
67
41
46
29
123
83
92
121
114
9
132
18
134
124
79
27
132
155
23
126
88
29
168
16
16
15
61
122
83
172
83
67
120
137
81
57
178
147
132
2
129
157
157
157
73
49
6
128
133
165
21
141
73
116
103
93
69
10
122
61
60
132
170
9
164
164
144
149
30
68
83
41
73
123
18
9
143
157
134
149
15
95
164
102
166
164
164
181
134
134
129
15
93
34
121
52
134
136
53
108
96
134
31
62
140
149
171
137
155
155
94
34
136
116
145
132
39
61
107
81
166
65
61
83
60
30
166
41
58
93
58
100
176
158
77
19
3
45
0
156
160
76
128
126
155
1
25
39
123
48
103
45
133
160
84
166
24
149
83
107
104
148
22
5
5
140
