123
88
82
150
89
152
60
9
97
157
150
123
122
171
100
103
129
122
95
129
178
45
114
68
158
0
129
95
51
74
76
126
95
134
74
10
127
91
127
74
140
76
74
7
61
72
127
91
44
102
38
74
21
159
35
76
96
15
76
74
22
22
166
25
59
134
82
11
109
60
74
127
109
107
137
96
15
144
0
182
43
91
74
41
148
15
101
0
91
34
39
180
15
56
166
135
11
99
109
2
182
76
7
53
8
72
91
108
70
140
145
79
131
74
109
108
92
15
144
15
56
134
56
109
60
31
144
15
142
56
49
76
85
92
39
134
140
140
54
119
96
44
95
172
106
59
15
137
61
92
15
52
0
3
56
131
140
148
137
137
110
60
148
107
109
128
