79
95
59
42
15
54
41
120
47
84
82
95
58
103
21
34
11
31
159
46
69
48
106
11
178
41
44
11
171
92
133
5
92
2
95
9
103
159
172
82
18
155
116
110
144
52
51
67
67
86
90
116
41
58
147
168
130
45
76
52
40
32
80
124
73
49
146
156
107
48
96
90
80
68
147
74
40
179
129
45
161
96
58
39
134
48
88
119
99
167
120
137
41
107
149
30
9
33
112
130
83
99
86
66
122
109
15
130
18
126
68
88
110
48
86
15
117
96
136
61
72
11
51
150
31
73
49
174
58
120
170
65
122
28
82
116
41
133
8
48
117
79
105
95
49
80
116
147
143
26
14
33
129
175
67
96
164
178
130
54
123
71
19
77
81
142
143
164
134
99
34
11
31
113
34
167
160
93
38
26
170
107
160
60
24
19
175
83
178
39
155
157
96
61
38
39
72
66
146
171
28
149
34
150
74
149
81
155
61
9
137
158
123
82
109
70
126
36
157
58
41
41
24
179
165
156
88
117
0
162
152
91
14
47
95
171
174
122
122
107
161
3
158
78
58
77
67
28
143
77
34
140
64
0
26
102
67
67
51
114
113
157
121
137
1
133
32
171
152
17
160
29
0
60
108
182
34
121
22
124
9
7
28
133
172
169
134
73
100
18
121
133
128
178
140
70
79
36
29
39
170
119
76
77
168
150
101
178
19
7
43
78
77
129
129
132
172
96
41
28
