100
178
73
87
24
19
87
20
178
134
56
43
48
24
112
49
118
114
177
180
102
89
110
33
28
14
95
40
5
9
41
47
91
141
114
78
94
102
182
113
112
100
13
15
33
114
170
90
9
115
176
116
106
119
104
51
121
80
39
66
20
134
108
106
72
134
134
87
69
30
51
75
81
138
9
67
139
142
91
109
138
159
72
27
121
93
68
167
36
118
102
8
23
12
47
134
81
133
49
9
19
112
64
121
9
174
11
87
50
160
60
128
68
38
51
141
40
79
83
33
68
147
23
61
9
87
88
178
110
126
146
134
80
23
138
114
34
134
138
124
31
14
13
76
134
111
177
138
90
121
22
90
97
18
162
2
23
41
134
121
13
111
110
27
158
17
114
14
45
168
34
108
61
90
14
47
78
1
109
56
29
87
60
68
155
49
114
134
124
134
41
181
6
